230.1131
72.111534
11.196141
19.01022
22.21025
25.575277
12.934282
15.0141535
15.394758
18.077967
13.529218
5.9896626
8.810295
4.977737
6.6541095
5.6043797
8.261456
5.5615997
7.8371677
4.7252016
7.9185266
4.7006183
6.7261143
4.540884
7.1032968
6.888511
6.584886
3.704692
5.1846523
6.5448475
6.8034844
4.021867
5.7597537
4.805933
9.4067955
5.774423
9.297261
3.7942317
5.4001555
2.9517772
5.9856963
2.7973535
10.123288
4.685732
7.236736
3.03413
6.527686
3.1153917
7.3156905
2.2585046
9.200596
3.309248
6.0048146
2.6161277
7.8383265
2.8798172
7.2447767
3.699138
7.4898915
2.7484896
10.4530325
3.8503764
9.367051
3.4618244
2.117037
5.0599976
2.7444093
6.796164
3.6416547
10.193747
3.112996
11.505236
2.6939409
12.009475
3.9208999
13.889876
4.5896034
nan
4.7604895
nan
5.5779443
nan
5.0904746
nan
5.6539316
2.3544333
14.983171
1.7757206
13.93809
3.1233084
16.10383
2.8536763
2.1046262
8.561327
1.8757315
11.626333
5.710911
2.3202074
11.655793
2.0869982
12.709741
2.0011816
11.557542
1.6005409
17.358887
7.759212
29.249834
6.803281
8.142438
4.085365
5.6693735
1.910062
9.740263
3.2154503
16.189634
2.6461096
1.9222163
9.684157
1.6278034
15.233269
2.0707805
13.642637
2.381703
16.916964
10.811013
37.3678
9.897093
3.3963282
23.700506
7.0638742
2.6960344
11.560532
2.1704352
13.310192
3.4489772
18.9378
5.0444984
33.387424
9.059953
14.02838
35.361042
11.853122
37.19271
13.483356
47.71522
6.2627153
27.043522
9.679388
32.302944
9.017661
2.1503959
13.590245
4.6650925
30.629875
9.131924
46.328773
11.421876
1.9315069
24.122969
9.03071
2.328
16.288626
4.9245486
6.4913917
40.044376
8.071317
3.263422
2.3258123
34.85897
18.818138
6.931825
1.9443134
22.564661
2.2969687
36.43139
20.897827
19.774946
56.0546
15.362479
2.1347077
2.4207752
25.290174
11.998373
52.702274
14.617204
13.368577
45.873325
9.712693
nan
17.868513
13.252877
68.82112
6.662071
37.815464
14.258418
47.90541
18.177849
6.807791
29.908613
3.4728842
36.455532
4.229775
6.0377574
9.817887
28.294226
4.936826
39.699074
5.5099263
6.3547125
30.312181
2.647389
37.650986
12.004935
8.667054
2.2154772
30.744806
9.200809
1.4362825
25.924871
1.9353526
38.255707
14.999256
8.330251
2.42056
24.37199
1.772272
44.120506
31.186258
31.729143
4.1522536
1.3997824
55.24783
24.795996
93.10771
12.493049
80.98799
48.712948
48.783974
23.396486
1.8431998
55.10919
18.884035
2.4415586
70.54471
26.545586
4.491939
2.0205612
3.7102566
21.648323
3.2500527
30.26765
17.930597
69.38497
6.6113415
62.860474
17.606197
72.0343
24.794292
12.268343
12.923526
59.073673
322.3383
43.74644
15.36806
3.6120663
63.372208
29.319307
79.2794
32.679523
135.69153
50.65307
40.113888
42.105427
33.81763
2.263297
8.931925
59.530243
12.138215
66.34425
15.4327965
2.5762968
24.130945
1.4010144
24.60421
3.1103377
31.813309
2.2633662
1.9319652
21.777987
5.1876836
47.71981
1.618446
59.191017
42.98883
71.080536
38.76193
26.294327
18.747046
47.672157
17.324568
63.894886
57.651833
13.835916
1.6675544
35.353367
23.790766
82.94692
56.228004
31.63213
13.76298
3.389163
1.8969823
57.094227
51.831238
41.59234
13.575893
78.76682
7.2580013
1.6183522
1.4169366
36.937267
1.8736866
65.069916
34.111553
11.092631
75.3709
18.890287
19.359024
15.981776
81.40292
20.439955
10.530262
10.785857
3.2407517
1.5438731
2.6725187
70.30784
18.622171
16.017712
5.546835
60.83655
41.691658
16.332214
85.8184
17.51552
74.97206
8.320604
87.00092
31.603403
76.8088
3.0076482
70.03732
15.591674
83.39389
46.885204
26.229969
90.35841
40.02489
33.528603
30.174206
96.92959
39.107784
15.540939
4.813728
21.428946
5.594645
23.520788
23.269554
25.23927
25.250114
8.030036
57.57262
14.366172
81.52248
29.857607
97.14251
38.203262
17.636604
69.01841
31.676498
26.632595
64.445435
40.007656
112.95432
29.862541
122.2845
27.81072
94.371414
27.253515
74.233635
40.717823
86.16628
52.91237
48.811447
17.56094
79.89996
20.972034
19.9422
61.647427
54.272564
32.338108
59.256226
31.8424
13.981305
2.2280536
56.524708
2.860836
35.45496
13.833711
39.36405
403.36157
45.157555
2.283385
19.93392
2.0764108
40.2222
1.7072134
70.189285
43.39748
35.43721
71.575226
54.466007
105.29699
14.637727
4.4226456
38.324768
22.911556
4.0780163
46.240623
7.7954907
63.34382
73.985
57.273888
45.893345
78.895615
4.028731
2.7585604
52.5551
34.011406
13.314568
20.192125
4.1099668
2.3588133
17.910637
1.74877
38.479633
40.214855
90.52283
72.340385
68.22026
51.25891
24.52359
78.135994
42.413467
47.445896
86.27653
29.957293
37.09471
85.203476
43.156586
84.44195
87.52217
122.32938
49.261974
92.71329
34.00123
9.598516
nan
69.063934
13.567636
95.58965
69.423225
51.716667
2.7498589
103.11415
102.11599
104.44945
38.305702
37.987305
44.145607
120.45795
41.803913
56.617035
47.856487
114.35509
35.510616
64.0541
13.001438
nan
77.737434
53.453224
2.3739166
71.22509
2.018939
68.10681
6.772577
61.081707
25.43953
93.29367
39.669567
50.856915
52.47957
13.4628315
85.66077
61.008614
71.11421
31.93658
51.108425
32.60007
29.396929
103.38921
58.09475
39.200695
80.2679
34.184387
103.20959
82.491264
69.586716
31.628187
54.211063
58.170338
58.348152
35.505974
10.276165
88.28663
4.2395444
57.118576
22.219933
54.25896
12.712276
51.81719
14.619331
54.51165
19.317444
76.438934
6.2475486
81.525894
45.11796
33.21911
79.73887
60.303314
57.223972
93.143234
19.195518
37.1038
34.2729
5.5599055
62.455406
40.221375
103.4783
51.9162
112.70309
57.426304
36.179634
28.914064
77.01855
29.169601
45.922268
11.59415
42.843033
60.74875
32.810028
75.68985
29.5161
37.62208
31.223179
66.421616
75.08955
20.791706
69.9535
25.417042
78.35196
48.523136
102.424576
46.12641
52.829372
33.04231
61.962807
37.88594
55.2809
50.853176
46.202393
3.8221781
35.60905
16.962273
46.55133
15.873632
19.12514
8.811303
27.202126
18.312231
61.713425
9.787662
27.473057
1.9522907
21.446207
11.762406
38.625813
24.31528
3.1567836
73.47492
2.048154
51.115845
65.46896
72.21084
33.121162
36.7212
75.317665
38.606358
37.79063
50.09386
36.135246
22.305761
92.98058
35.773678
107.4355
56.22691
10.858339
32.28569
22.83912
6.5029054
74.102066
92.40651
60.407272
68.39494
69.45219
85.62959
10.252789
20.084381
14.428887
31.645037
39.14392
34.011868
96.02259
24.628319
35.903435
101.85049
35.262913
23.3725
4.413042
47.751602
23.506884
7.3998895
4.58271
33.808502
11.694809
92.92155
82.86432
18.275677
87.06639
30.89316
102.78839
17.617207
102.52829
42.657223
129.56433
45.13959
97.909996
85.00591
30.986855
12.7075205
86.0802
48.390408
44.267715
144.22597
25.329966
67.45542
7.1375804
82.016846
10.825697
59.01248
12.058338
92.463
39.637333
3.9307568
85.02136
94.476974
97.40149
107.24846
99.3033
92.11203
53.910583
77.54369
19.335224
62.344425
32.27199
38.28403
141.48062
87.42182
2.8681197
37.49494
29.448282
44.64466
24.617842
26.859571
33.676613
10.857668
66.91823
5.049551
59.658688
53.62625
113.70553
38.97654
75.8573
81.49263
9.9021015
21.733559
3.25206
66.29426
21.972248
82.425735
18.558088
95.02299
77.587845
84.45558
24.184044
50.87424
16.412794
116.68145
69.73289
20.96956
144.50914
91.35208
125.9138
140.09691
166.18988
122.33203
98.53721
285.665
71.39046
410.50183
189.31236
162.20993
79.97622
23.563652
62.28575
37.82856
60.486477
65.50718
54.009506
14.518569
13.053491
399.85526
82.94768
95.25355
61.382397
72.39835
83.87741
30.331915
95.0645
297.78598
142.03145
94.60203
56.812847
30.100914
38.476562
27.453615
46.500313
342.2979
121.4096
145.48097
78.869125
94.33568
187.48769
25.002756
1015.6388
220.49358
100.16324
145.59099
1043.7562
100.85399
102.73608
70.94524
62.37777
34.218018
71.00745
133.68613
104.21741
692.208
110.46413
634.5286
178.75098
96.9294
111.73228
43.973663
120.33141
2677.7368
1973.1678
78.60875
50.189217
580.6354
46.972927
234.1633
71.78384
1198.8978
32.07055
1718.9528
176.9963
2395.0059
2754.2954
272.18076
189.34274
302.50153
206.70628
178.60837
94.53616
522.98114
239.1754
156.0787
21.093582
367.0785
1772.2795
435.3346
508.7758
2469.8726
1952.937
303.24
217.73068
3101.5833
686.6574
1190.7971
377.023
682.4997
268.6681
671.16187
1189.723
652.0783
730.1929
5004.5396
7521.1865
2503.265
665.4552
377.88025
352.0427
482.51547
528.82227
438.7638
359.55298
178.34088
286.60986
16401.48
1323.5293
1503.5443
559.9538
421.553
291.50943
220.50812
131.01906
5535.693
6285.017
5647.603
1778.633
13344.69
2957.5898
885.5252
13214.534
1816.9681
10944.036
2076.7393
20320.42
5339.943
2022.5608
15476.401
442.67572
856.6653
3254.3552
1416.6665
739.7228
432.11115
30776.975
8646.148
879.84
455.8304
1542.1362
702.6281
532.1152
528.4075
620.6821
735.925
4333.5576
587.10223
1521.0146
1434.2302
10442.963
4119.9746
16403.979
7636.204
1380.1642
2029.2046
29610.705
3565.5522
4357.523
36188.312
12419.366
1146.8352
9082.645
6298.4834
8668.964
2583.0334
22020.65
3373.4468
3432.3904
4615.402
3152.3386
1613.2424
5212.4297
68538.22
22850.102
6462.485
3079.4482
4124.49
3939.7903
55274.43
10556.491
10433.276
2790.4905
7163.8604
7965.271
11213.409
10535.695
16183.095
6301.7295
2029.753
8554.905
4979.1074
8517.293
13695.856
4295.0034
7466.2593
61353.867
8093.4897
4660.9634
5712.67
6961.699
2840.2312
11122.34
5277.227
5578.841
2867.6719
6288.2705
6451.026
3239.0176
5355.519
8919.464
2629.943
5707.7466
2864.5146
5677.0615
2101.8062
4137.553
3785.1199
4342.2017
11794.174
3186.252
6148.3237
1649.3083
3634.1853
1497.847
3501.0168
6752.4263
5578.6997
1795.7769
4839.353
2014.002
3362.1934
17363.283
3268.9656
5984.848
1814.4224
6404.344
3952.9036
6346.3335
4509.882
8202.866
2522.6924
7007.1753
9474.036
5473.7847
5134.7646
5017.9893
3010.944
5226.1855
1970.2786
3599.1992
6568.305
3476.716
3965.3176
3160.0476
4710.919
5699.759
3195.3765
4982.763
1783.8556
3542.581
4006.9636
9024.285
2953.68
4630.246
3112.5188
880.0896
3444.9045
3976.4421
4104.4985
4377.367
1153.2983
2634.3943
5651.191
3313.0376
4443.596
4370.672
1971.0492
2729.3904
1465.7618
2894.7163
3170.866
6113.523
1923.43
7041.336
2821.7222
3625.731
1971.5225
2583.08
1140.4027
1801.299
2135.949
1725.026
1612.809
3029.4426
1289.5979
565.4814
2841.8728
2493.3518
2356.4885
1877.1406
1496.8799
1076.1704
2243.915
1616.9596
2079.4678
1584.7861
2645.772
4018.6326
2592.9807
999.9007
2566.0535
4461.851
2239.711
4203.0166
2527.2397
669.8043
3991.2173
2399.3447
1880.2789
7961.2617
8299.974
3151.0806
2013.4808
3709.5332
2810.9827
7909.95
3518.4104
4641.887
3434.3193
2913.4314
2118.1438
1748.7059
1206.5978
1897.5107
3136.446
2993.2544
1515.0903
2000.9487
63881.883
nan
43813.312
nan
8419.557
12961.853
2860.912
11738.556
3061.7493
9934.154
12642.391
19332.793
4956.45
5541.8354
6772.5854
10432.047
3013.5945
6202.8677
5589.942
7457.125
1906.7108
5861.133
10329.967
6824.288
2323.1677
12861.318
5312.764
4122.175
4065.275
4098.3667
4481.126
3947.4197
4331.5366
1969.2262
4559.206
1507.1143
4234.0625
3703.0789
4808.1763
1860.037
2991.5884
3923.7073
2354.6687
3865.5576
2777.4226
2579.698
8073.363
2164.6929
3749.2104
6735.6436
1788.6484
2959.524
2823.5852
1959.2117
1044.5914
2831.793
5637.4814
6336.413
3685.1284
3209.6873
2631.5535
1529.4702
2870.2397
5983.3794
2572.2468
4213.184
3423.3904
1975.556
2659.8442
2680.0193
1069.3989
2366.1553
797.1599
3073.9463
1359.8402
5770.8677
7499.1055
7739.5654
8255.849
3074.4124
3578.8535
5254.1245
2459.2036
2952.9678
2866.7393
3227.689
5597.1035
3220.1045
1687.0308
3655.171
3584.165
4410.222
2932.9639
1849.1882
2678.2341
3904.9685
1804.369
3034.7449
5352.489
2910.0588
1869.3461
1757.2029
6034.577
5244.024
3976.9536
1885.4812
2653.391
2925.4512
1914.6913
2255.9004
1852.2972
3192.016
3390.5657
1610.6714
1990.6053
2108.7559
11278.657
4231.712
5081.4316
1757.4214
3152.6235
3493.1704
1615.8705
2027.0153
4757.107
3817.7754
6664.7495
6285.3125
7697.156
3685.7114
6891.3477
4449.6255
4246.354
2559.1213
2900.6548
5770.257
3778.6792
5023.135
1634.4316
1357.7089
782.4344
3763.5781
3361.1208
2033.1628
15123.147
6580.8623
1692.8718
1607.9198
3709.8313
11394.208
1246.3208
383.6519
5332.928
4357.405
2308.1016
1486.1852
6505.2695
4317.517
3462.5137
4482.0273
1652.7803
951.2164
1933.3164
2032.3785
1345.7705
2033.1132
2665.6885
2751.2893
4523.9595
6348.501
nan
6519.4204
nan
2009.5183
968.0114
1944.8676
2115.2493
968.9718
1627.7012
1596.2341
2217.4211
2835.448
903.6088
4508.6807
2163.4602
768.9969
1542.5842
1196.3105
1637.2051
793.3
3174.3044
2035.502
1015.71716
1085.334
1709.2628
4745.641
1948.2161
1175.8966
592.8987
6406.525
3610.6887
1773.5559
4540.6533
5731.999
9578.363
16721.834
4787.7095
2164.2957
557.6695
1774.2689
812.6112
4952.715
1888.8088
1869.1881
1909.1978
2440.649
899.9625
10913.218
4403.507
1443.917
3917.2202
4272.7104
1900.1792
836.9554
12242.118
13299.212
1630.7168
1036.1896
713.0326
989.89526
1616.1274
1222.7518
1851.1732
1973.605
1810.2354
876.0264
2129.8545
867.8523
950.165
348.33423
4817.0806
6259.4004
4731.132
3928.274
6354.9736
21838.92
43900.684
7427.7246
3555.4543
1868.1862
2247.4854
1313.932
12228.341
1948.4872
9053.251
10799.634
2348.8901
777.94666
2654.4885
666.77277
14518.514
4278.0654
2182.4473
1529.8374
654.3381
11160.137
19247.662
1605.1356
11099.569
2033.5009
846.5104
19804.297
37639.277
1821.2957
7037.3325
3767.4548
3653.7043
279.1234
7490.207
7210.96
66691.46
18456.025
6273.144
3439.2085
1735.5145
1440.9626
919.7458
31516.62
15622.45
3315.09
2043.1958
1217.0376
26569.613
7875.13
7820.5186
11458.094
7768.597
13621.325
18101.607
7599.269
24102.63
4334.427
4342.5786
4148.6323
1475.0563
6801.1416
7726.548
4620.6694
6298.4683
2296.2532
3866.1267
17740.688
6669.0703
11759.5205
12645.893
4478.111
11363.699
5308.413
1382.67
1625.7802
1778.3914
599.8942
1797.5702
811.5527
2066.404
1378.6991
72281.97
16646.55
3707.9773
1750.8782
4986.1367
2833.983
4178.867
695.4765
12883.644
3861.2197
1389.2032
3742.6453
1122.3989
3590.4692
1367.3756
530.2099
2801.0164
1107.0096
2029.1512
858.996
6540.445
2383.0452
11446.472
3680.8047
2813.0417
2040.8737
29604.281
1612.6895
4337.458
1797.1752
4859.2896
1583.8488
4388.6772
5867.2305
2628.8586
2580.636
2248.274
1753.9514
556.7238
1566.6091
1118.6293
904.0264
15494.485
2168.568
732.0168
7662.6255
1598.0969
13964.592
2134.859
2293.6116
7319.779
3036.397
20844.148
8775.428
3483.2688
4424.7847
17711.377
16150.536
4976.3394
554.1412
2684.7397
28024.326
8140.0864
31233.344
10577.412
4231.021
9698.473
1119.0756
2632.1304
1013.2572
23277.332
5391.0815
