363.2073
54.79985
13.288673
21.417511
14.006342
14.843983
5.298964
9.544413
27.13178
4.4491873
4.4540906
8.4367075
3.3129048
3.6098719
7.3973346
11.03608
2.0782952
2.871317
4.6932225
8.202832
2.7189267
2.4154882
5.019714
6.8506813
2.546096
2.138208
4.598202
6.46871
2.0513163
4.277989
5.602842
1.8111175
2.7929778
3.8821778
8.941781
1.693022
2.4945076
4.5241985
6.3184404
1.7103021
2.6738462
4.732836
5.882976
2.456063
5.7325125
1.7763901
1.8608136
3.562147
7.925386
0.8894226
1.8118521
2.8472495
9.417211
1.1721833
5.8202405
1.3166475
1.6906735
3.7947626
1.436987
1.7980899
3.4924316
5.907039
1.0771804
1.5622138
4.2103405
4.4542613
1.1829053
1.302325
3.3521438
6.392089
2.198174
1.3996183
4.593401
7.035544
0.7592349
0.9357012
3.167555
2.3459473
0.822605
0.831682
2.4108233
1.4941614
1.8247296
3.1396792
5.4313264
0.55480504
1.0748985
2.0816753
15.322077
1.2359378
1.6429832
2.4558716
5.0226493
0.49196962
1.0145905
1.6868625
5.580388
1.1040974
1.3451649
5.9806085
5.0234137
0.4350324
2.008256
0.97224146
0.98002636
3.7303073
0.49548784
0.8356092
2.3320804
2.898275
0.36173242
0.6516674
1.880424
3.351046
0.41832587
0.9808385
3.4397745
0.38656476
0.7410933
2.504152
4.9285507
0.3650701
0.92613965
2.3818226
5.2934914
0.41137353
2.2742715
0.3511934
1.6959223
3.4731922
6.954692
15.4989
6.1154947
1.2465332
1.2225502
4.3908157
0.582881
2.716859
5.653958
7.8377314
0.77315223
3.1417027
0.38965577
1.6689004
3.6835055
4.8160095
0.31891018
0.8768271
3.8369405
0.38075647
1.5022007
0.42435163
1.4388314
3.922745
0.63393784
3.0896146
0.8575764
3.2090406
0.3192978
1.2509972
4.2833285
0.73177284
2.7921023
4.286994
1.6744407
0.24549362
0.9122792
3.776339
0.40729395
2.8963406
5.0613914
6.578753
0.80690724
3.2988124
0.40839002
2.0557117
0.5900809
3.2317364
0.6455547
2.6370294
4.851195
0.9632229
3.3002305
0.5553932
3.0401657
5.1662054
0.497508
2.2005045
5.243547
1.1771188
4.755891
1.1125635
3.6862445
1.768166
5.540902
1.2475611
5.0396934
0.6501023
0.9333444
4.9623537
0.4350496
3.711414
0.45612514
2.8614724
6.5865383
1.0941372
2.9502141
4.790974
5.9935517
1.0955527
2.2447677
4.1670322
5.552557
0.98660594
4.177744
1.2830294
3.548289
1.3433746
5.1867075
0.5424677
3.8516464
5.729694
5.7051773
0.5806813
1.1635162
3.201738
4.3327265
0.7143493
1.3267578
2.8636365
3.2779648
0.3266842
0.5968756
2.8117723
3.2956488
0.8248377
3.3814402
5.80149
0.5013197
1.799961
5.5560803
1.0588533
3.8536944
5.206899
6.3681602
1.7099196
4.73025
5.005303
0.35774535
3.034959
0.8119814
6.279652
0.65107435
3.4366622
5.357175
5.7783284
0.88585454
1.7941848
4.629393
6.2576528
1.1025964
3.2947688
4.901743
0.5347018
2.846947
0.6373907
1.6099814
4.7263813
5.8723373
0.354801
0.7677926
2.8366454
3.6211169
0.34357733
1.0413809
4.6790843
0.5465512
2.2648158
5.770902
1.4230407
4.2266154
0.5529598
3.9011574
0.5216065
1.8039957
0.39349735
3.1160893
0.651155
2.476357
4.218292
5.4419484
0.35309988
0.64714265
2.845049
4.89836
0.35471097
1.3264196
2.8717847
4.6333756
0.9279545
2.8253558
0.36499643
2.7555351
0.48654082
2.4365835
6.2077446
1.849035
4.222351
0.79200405
4.443406
6.4426885
2.339768
4.4683676
0.28682226
1.6180098
5.2590165
1.209107
2.2724361
6.212083
0.77168643
2.2351332
4.2538924
5.531169
0.5669826
1.6049386
4.4388876
0.63273394
0.730066
2.5780423
4.70225
0.34603894
0.6926924
2.2427425
3.6755297
0.8564283
0.6788506
2.8448913
6.133118
0.604365
1.2309391
2.3408492
3.4096653
1.1371683
1.9417015
3.8340015
1.028526
3.0686593
3.7747107
4.2635517
0.9250768
1.0542287
3.5441704
5.6126227
0.28216213
2.7139316
0.3161424
2.4500813
3.353865
4.880079
0.7309381
4.0377164
0.3407888
1.1804929
5.518223
0.66128063
0.6972309
3.9697876
5.594289
0.37867206
1.4846855
2.520046
5.0170617
1.0792344
6.4921064
0.4658857
3.9245868
8.040227
2.7259493
4.740136
2.0599625
3.618251
6.058923
1.9332757
3.405571
4.1435285
4.7873735
0.3653837
1.8347943
3.4344609
3.9691367
2.503055
3.9758134
2.1217873
9.45085
3.0015557
7.123195
1.1365339
3.9021246
1.1070331
3.0407429
0.27669367
0.950863
4.360798
6.443352
0.5252977
2.8065999
3.7199426
5.060568
0.5746223
2.3370626
4.532484
7.0425844
0.49895123
2.5952291
6.11474
0.3869715
1.2987002
3.789467
4.9950714
2.4834483
7.3860445
1.3518465
3.083835
3.669321
5.8491077
1.5144804
3.5457535
8.432449
1.978125
2.771721
3.944653
6.6200438
0.45566452
2.5960667
6.3574195
0.46383312
2.9920995
7.4175353
0.8720185
4.2933106
0.75905967
3.2393115
3.6978905
4.573563
0.41203943
1.9626046
0.22018775
2.7546635
0.97686476
0.8311787
3.6675968
0.49894863
2.2625265
6.7795076
0.6629584
3.1449795
0.25729722
0.96077675
3.1328945
6.802868
0.31755528
2.636205
8.422628
0.6563593
4.369857
9.814607
1.6036183
6.1708055
0.5142614
1.3616638
4.362855
7.925428
1.1371046
3.4743836
4.9899178
0.91229004
4.154708
0.5423442
2.3447757
6.7704124
7.4560685
0.48506477
2.423371
5.344664
0.34054145
4.057241
10.498236
4.889824
0.8718959
1.0789584
5.97731
0.33542463
0.45523775
1.9791924
2.794838
0.32776996
0.5139901
2.6339679
4.1692224
0.4373546
1.2489928
4.987739
1.4532182
4.4493847
0.50884753
1.6264635
5.063719
0.32971063
1.1620718
2.392616
4.4920783
0.3410337
0.851779
2.2265391
3.2923148
0.43238917
2.3905
6.4549994
108.69383
147.72649
57.7179
69.5738
0.60076797
1.3543506
3.3904793
4.318255
0.48244947
2.8577735
13.615284
1.3743901
2.363674
8.735614
6.72207
1.3025521
17.873095
2.027909
3.8830707
1.1452657
1.0881331
4.0521264
0.48168245
9.765886
19.750557
15.995197
0.64524084
1.6801734
2.8304331
5.547886
12.592304
42.212578
5.8511634
7.731954
5.3036127
5.0534654
0.90258324
6.1985745
1.6712663
2.2235167
4.323833
5.075354
0.6523281
3.7975926
5.0008006
0.46579602
0.52026397
2.4855406
5.2645516
0.26643968
1.8700725
3.7796628
4.01159
1.4920428
4.729232
0.7165113
1.7178833
12.476883
9.853812
3.0178924
6.0906873
2.4698982
4.703638
1.6323167
3.5606644
3.962868
0.78448826
4.551944
0.36544502
2.711079
1.0148649
3.882105
5.5318704
0.6432663
1.7662711
3.77635
4.4131346
3.206459
4.456816
4.2473774
12.572116
26.624144
5.6107545
0.60989606
0.67779756
2.5905778
1.4784878
2.872534
5.1476626
1.7463293
2.1807597
2.6838849
3.254945
1.8191401
2.3228974
2.8165896
0.8898347
1.2589653
2.093825
2.2729223
1.7499499
1.685675
4.083287
0.5247013
1.2158265
2.9298592
1.1668191
3.0372999
4.5740037
0.64966714
1.8522092
4.065453
0.85826606
1.2632728
3.0410438
9.212163
0.5302694
0.76303965
2.426287
3.0676832
0.4892315
1.8637459
0.48014387
0.88768095
2.8384395
0.3581125
2.61607
4.811906
2.027909
4.39301
3.460382
5.1812987
2.8235614
0.73342144
3.2565439
9.666944
10.396602
0.73571956
4.211807
1.9843607
3.7462454
0.5142494
3.3287578
1.216977
5.809684
3.838916
0.60849625
2.3947587
4.7789335
0.38060796
1.9824022
3.1686056
3.7960813
3.4642956
4.7657695
5.091143
6.093472
1.3858635
2.8961515
4.919459
3.7663224
5.923914
0.74357194
1.9413363
3.5611827
4.4244137
0.4087242
3.339914
0.30972272
0.870741
1.9233316
4.02266
0.34120166
1.0730274
3.021956
3.5529706
0.7538389
1.364743
3.4825754
0.26575324
3.6712785
0.8873892
4.4878435
0.50344414
2.7600608
5.123315
6.269463
3.17052
2.8999352
5.5627127
0.73865056
2.1009333
3.08609
4.5055547
3.0720735
0.4614558
3.3649464
0.5526226
3.327042
5.8929405
1.68725
6.0883927
0.5419672
3.2747483
4.861133
7.409197
5.2948647
6.903815
3.1964629
6.295627
4.3301616
7.403553
3.9677808
6.525126
3.7934341
5.4552217
7.769087
7.202764
2.7422829
7.1646876
1.219277
4.8722258
5.840414
6.9402776
0.4167053
3.3941083
8.827895
1.3007988
6.7009172
0.8052682
2.5032802
4.06684
5.8705764
2.239108
5.0842485
3.5586348
9.284746
3.061332
6.1845756
2.3840005
2.948272
4.598881
4.9922953
7.0861936
8.477503
7.692722
6.728385
0.6333404
2.4961836
4.7558684
8.114802
3.6554418
0.41565725
2.0969405
5.156538
1.8777552
7.0040126
3.9545424
6.4940653
4.9662104
8.607608
1.07101
3.8655775
4.8676405
6.440388
4.707324
5.916892
6.7355366
8.8053465
0.648779
1.5817784
4.817659
7.534308
3.7310288
5.399271
0.58463067
5.4968987
0.7229527
3.2105145
7.5719233
2.0058265
6.685745
4.017077
6.8742037
6.0004473
nan
2.7807858
4.893984
0.3821697
1.9419916
5.369675
5.3302927
0.2904273
3.6733882
8.487873
9.150193
1.1073122
2.103161
4.779388
5.7460423
7.481306
4.4305334
9.159667
6.317433
2.8588347
6.528586
0.9521463
3.0111578
6.211559
0.76153773
1.4613448
3.0829437
4.766075
0.84680516
3.7233698
4.178361
4.0103846
4.243813
6.1870885
5.963992
3.0481021
5.0939813
3.1691558
5.093835
5.111241
5.7059493
1.8090991
6.9194264
2.0917099
2.0620897
3.971045
0.35513186
3.7727847
2.6885173
4.4413843
0.44902906
3.712365
2.2518337
4.5738735
6.2689085
1.2167677
3.8954327
4.561873
0.66562927
1.6025957
3.1087544
3.9960265
1.3354908
2.4889135
3.5836134
4.56575
2.4114366
2.3901567
2.7233243
3.1438856
0.30870962
1.1695111
2.1328523
3.7546625
3.7087169
4.190748
3.089427
5.4696136
6.1462913
1.1199416
2.6354876
nan
3.404965
3.0443344
3.414063
nan
0.7650774
3.71108
0.3499016
2.8651574
0.57547754
3.1905885
1.4275424
2.9523578
3.1045697
3.6234367
0.7543243
4.4192123
1.4801368
1.724157
4.592646
1.7658374
4.795511
1.5936908
4.2185717
0.44747457
2.2480485
3.6694367
4.585131
3.883372
5.5524716
0.53319615
3.873316
1.9837186
6.038469
3.9289522
6.102077
0.7078187
3.5004478
0.458285
2.1823726
5.488292
2.620277
3.0925958
3.6191118
4.270575
1.0383586
4.2626243
0.82039565
2.2667382
0.42022747
1.765634
5.0628185
1.8765987
5.9920135
1.250781
5.8869076
7.245125
0.27630872
4.503368
2.057511
6.397717
nan
4.8307233
1.3909212
4.859514
0.31275642
1.2998862
4.1522584
6.9885135
1.9060949
6.3611727
6.380843
5.8028703
0.27141058
1.7031176
4.363305
7.764581
0.3021329
1.9924129
4.780834
6.91365
2.0332217
2.4131956
4.9760213
0.35576874
1.057469
6.0423656
1.4508504
4.7539496
1.8277496
1.5924628
5.847434
1.7126402
4.216225
4.728868
3.3594475
5.972392
4.1757946
0.95298725
4.499367
6.6552515
1.1291422
4.60262
6.08733
0.45317507
1.6905022
3.013797
5.325511
0.22023867
1.061895
2.7730627
4.985398
0.3153017
2.525368
4.2480164
6.728589
5.3082123
1.1699693
2.299323
3.4325461
5.221424
1.4466404
2.3868797
2.6866548
3.3421915
3.9893973
8.932196
3.8113053
6.6585884
2.006602
4.270306
3.8311281
5.116993
5.781999
0.7258434
2.3703005
5.102953
0.69225216
2.162812
6.3970423
3.4617088
3.385318
3.8351727
4.8429713
1.1172628
4.8423467
3.2691681
2.3859437
5.9842806
1.161094
3.0760849
5.8670545
0.23765828
1.8603506
3.56982
5.125939
2.2130613
5.0972986
3.2245288
5.3805957
1.2615741
5.1951613
3.482238
0.7638856
1.7591043
2.8428874
5.6408653
3.1903596
4.11589
3.8566875
4.424548
0.83703834
1.3644271
2.5094109
6.4556546
3.1635103
8.272092
0.46657234
1.4590629
4.134958
6.463779
3.9535527
7.7152033
3.7776132
0.25800142
1.7762285
6.0747256
6.2127767
0.44043306
0.6875508
1.5644336
2.651224
1.4552857
6.296663
7.8491797
6.626225
0.22697651
0.5382332
3.1611211
4.885672
0.21281712
3.4331024
0.3438866
2.1843817
5.766577
1.7461865
5.417601
2.133149
5.419468
5.3722215
10.120394
6.2450447
9.758238
5.6837482
5.5783386
8.834878
4.2535176
5.3544
3.695224
6.074772
0.7207898
5.7516103
7.671039
4.9531403
5.4747705
4.90723
7.1735406
3.3653455
0.62374943
0.70400333
1.4441035
2.0845304
0.8307186
3.4725413
2.7940843
2.702622
1.4051086
8.406688
3.4547744
10.119769
9.576377
7.075845
1.6914387
3.400904
3.4513788
6.7286
2.3862994
6.3701725
0.7642126
6.058096
0.44302747
0.6642197
3.2189763
0.43493053
1.1397827
7.373033
8.652298
2.022937
5.3679175
3.822096
5.1650524
0.3985912
1.1105446
4.7549734
6.2288256
0.47973418
0.7130293
3.1762383
6.329175
0.42252377
3.5133727
6.2813716
2.2883885
6.2788377
4.0809417
2.0808566
1.5687478
1.5356647
1.9354796
1.5998191
6.353707
0.39199772
2.1003325
5.005496
5.7995815
5.2957077
6.862318
5.660559
5.513458
6.9855423
10.581367
7.0080266
5.1258907
4.568525
7.420562
4.921549
7.333972
8.381971
15.9324465
12.09764
0.47004616
2.6893969
6.8573046
0.46891636
1.3433722
3.2004054
6.2965856
6.3233314
6.3672976
4.289878
7.1280346
16.160423
14.267023
9.120275
7.045143
3.6981769
9.929005
8.141847
21.947128
9.778899
16.6238
18.889748
0.66569465
13.974222
11.6399145
4.2679396
4.5278225
8.00638
3.9349627
10.743171
0.31887588
4.865835
5.3614125
5.3840256
1.4344052
6.7422624
3.9477863
7.7995696
3.2649057
6.022501
6.3644834
5.998104
1.3321284
7.5073967
7.099464
6.3645473
6.429709
10.019472
9.397467
3.9815073
7.8721147
0.5684985
8.215534
13.317848
5.1427445
7.409583
9.477066
4.868129
4.896828
2.760456
10.905917
2.6971593
7.9250655
13.808341
9.413581
6.3391986
nan
0.4337944
6.0452194
7.4992733
nan
1.1930491
5.3137
9.108451
nan
4.9458838
14.5701685
7.6403475
12.781112
3.460751
13.502232
0.53622186
0.88826364
2.6111677
17.4658
8.559095
9.451831
18.75126
7.4991603
2.4241035
3.3895032
2.6210308
2.8341398
3.9138541
3.6048532
3.219409
2.7159264
9.430476
0.22750224
12.741455
2.4239342
5.75506
7.2489524
4.9901214
8.222489
2.044845
4.7049084
6.9164357
6.6945953
5.2667804
8.084745
0.50362617
0.9667565
1.8412883
3.4929867
4.0716105
6.928768
4.435183
7.386655
3.1479619
5.353616
3.972932
4.107599
1.7578441
2.7092464
5.902196
8.789615
5.1039867
3.2695801
14.273873
0.9543539
7.767819
12.371039
8.310053
0.77910006
6.1763077
8.97866
2.2170043
2.7398632
8.002357
2.448966
7.8760843
6.2524533
7.303722
1.0014457
5.071762
5.9374175
6.128254
0.41506946
0.69859177
3.4864414
6.368699
1.1334937
5.2224474
5.9649096
5.679019
2.2877777
2.2528248
2.6929774
3.2394228
0.61036366
2.8493779
0.39450786
0.6795384
2.259852
2.9258769
4.2279897
17.914783
9.528392
0.48554927
1.2645924
2.8415728
4.4581304
0.80094784
3.5780804
2.3304417
5.362429
0.98494077
15.9974785
3.747054
14.142485
0.47394183
1.4373488
1.7966582
4.304366
0.41067922
6.5429916
0.93226564
5.071457
nan
7.357267
15.085715
5.322723
10.06888
13.676668
0.49361762
3.2190669
0.3760669
1.9304148
1.6177083
2.8985262
2.522111
2.9810224
5.387371
8.819265
0.48034588
4.1627483
6.4988494
5.0447116
6.9033337
6.5586767
6.0313115
4.048944
5.2844462
6.059824
5.5161805
3.1453102
5.3650947
2.4493835
5.679081
0.55113435
0.6658058
1.5009363
2.5203333
9.930114
10.988889
13.18841
0.43336964
6.700611
5.1291585
4.9552345
15.85155
12.585451
1.4319148
2.5352485
4.894261
5.616634
5.2884474
7.7608376
3.9177222
2.5377235
3.564143
4.933771
1.1805372
5.723703
4.690837
8.310715
6.714226
4.7076025
4.0153017
4.545043
1.3853807
1.60415
1.6379771
2.3253508
6.6361985
7.6763883
1.5184972
2.9827042
6.558359
3.2302988
1.3797448
1.9510036
3.4565306
4.081053
3.2052524
2.3128593
2.63269
3.4285307
5.6557384
3.5232673
4.700128
1.1126359
3.4222777
2.3730607
2.5413399
1.6153237
0.84711856
1.7763859
4.335554
2.2845345
6.489181
3.1870072
8.3997965
2.0887728
1.2778922
1.7642372
2.8345854
2.7511885
2.6652093
5.1576366
1.5341288
2.354554
3.1002722
4.4838586
8.415611
9.246575
2.474726
1.5192763
2.1280756
4.10243
2.5155578
2.1616356
3.8163476
4.1375313
1.0172815
3.0466638
6.097655
5.3029037
5.3646607
4.578095
3.8364859
3.3603344
3.2811944
4.468523
3.2250955
6.59176
7.2299643
6.2476
7.034684
10.480574
3.3351803
6.437025
8.735186
10.67428
11.6118
11.230119
13.662733
4.768068
2.362482
1.8262628
2.8570201
1.9307464
9.159852
8.713001
7.285873
8.698838
9.566827
5.9154487
7.9140735
13.080081
11.201926
7.3635263
5.92409
6.605681
7.4575233
7.291566
12.716027
7.330504
6.4639177
6.6481624
4.336622
3.0144813
2.7461207
3.2120736
43.162502
10.275726
4.3476853
9.621977
11.307923
1.9683964
5.160548
6.624529
7.5963297
12.004016
12.768836
10.153397
9.871027
12.259413
14.389631
9.883786
9.046729
5.3405976
12.221461
12.998326
21.057041
13.885481
10.646616
1.9633348
9.171191
9.902147
1.4825287
2.4726496
3.4044359
4.319258
3.8214126
3.7856984
5.788118
6.9266076
5.642666
2.1936746
5.4381804
4.679221
5.4412837
2.9614491
11.140065
11.724066
3.0625331
8.712003
11.370725
2.8553562
3.4461882
4.752593
3.548542
13.553055
13.5020485
8.528192
14.793515
3.7457435
12.790222
2.50351
8.851146
10.914367
3.8075736
5.5980334
4.0973544
11.839859
16.94917
2.3166518
2.441008
2.8181913
3.7725735
8.513125
10.374184
8.676209
6.5973077
5.3851924
6.0431376
2.9675622
4.8390346
4.7784944
3.6061573
3.0464294
4.0052295
4.642347
2.537919
1.9655468
2.5816073
2.7981644
4.073055
6.094855
1.2937806
7.0643873
2.2713084
8.152159
1.0562904
2.9004798
1.5332844
1.5598243
4.417653
2.417497
5.3206477
6.2840075
1.6893687
2.717647
2.1166062
3.1169353
3.3756568
3.1314285
3.2936265
4.405932
1.5065533
2.9697263
0.72529495
7.2781796
0.8412918
7.353322
7.144325
2.1540987
3.1847537
5.2592545
1.7578996
7.1278186
7.891518
4.8494434
6.813939
3.391339
1.9354743
1.7752024
2.2496934
2.8344457
6.226906
1.8363724
5.3229384
5.821253
4.7270217
0.7606484
4.4529834
6.4702244
3.1029263
3.9829125
4.3492146
5.3673673
1.0267252
1.6286747
1.9975556
2.5911508
4.2087235
1.8922025
1.7228465
2.1094306
6.1625366
7.427425
4.8989863
1.2839183
2.3384774
5.3647842
2.058196
5.0207605
1.1334409
2.6329696
4.5049477
5.2179494
1.3164701
0.75956327
1.5828116
3.2453327
1.1260061
6.0756702
6.389519
1.2520472
2.527786
6.141313
4.8296514
2.4299817
5.078993
3.9067168
1.7777444
3.5636148
7.039678
4.9011245
1.0915841
3.860357
5.4743986
1.0352061
6.0693603
7.379007
6.527831
6.352921
nan
12.052739
0.956914
5.2866545
2.1123288
8.87863
7.092027
4.466066
5.6900835
6.4724865
5.700635
5.914141
4.1548576
4.5888944
3.673614
3.4933202
1.1488615
4.609905
3.5922136
4.0012455
3.517353
3.1831255
11.087303
10.0719
1.8806156
6.133801
7.6292186
5.789878
8.715527
1.1535947
1.3752924
1.9806379
2.2095764
5.855995
4.299593
2.4992945
4.8768835
3.3968868
3.311509
0.7076492
0.5433254
0.9969256
1.4782346
1.5739645
7.3530383
1.8428138
4.9022174
2.0040226
3.001495
2.686011
8.165607
5.1206546
5.12553
5.399361
2.4740367
6.1484537
1.121261
1.1489081
1.7916559
2.163965
1.1507196
3.4469285
4.6666045
2.0864403
2.0231705
2.4683952
3.1852922
8.642961
3.2694595
6.6733603
4.3768883
3.7309
4.7934036
5.524302
5.624525
4.5155616
2.5813363
3.7638211
5.6811843
7.270899
5.61164
5.644582
4.266874
5.155402
5.9003897
0.7256413
1.6743078
2.6885922
3.9990644
5.1593394
6.33999
7.635629
7.4561157
2.7733698
3.665107
5.3042393
1.8340756
5.726642
8.237545
3.2158616
7.729364
1.2105345
1.7820696
2.6973097
3.174063
1.6648154
4.675292
1.9727148
2.7396367
6.028903
9.727646
10.994408
17.335815
12.538865
8.164863
6.291523
15.549288
10.675693
18.951773
19.807684
5.741008
5.7185736
20.982239
16.312971
26.261335
10.420151
8.468705
7.132436
7.096801
2.054732
1.5663055
1.5294675
1.974796
7.659739
7.5925
3.9103343
5.531709
4.9123797
1.2463713
0.9188687
1.2802105
1.4292197
12.064767
9.674652
7.71325
10.483102
8.361504
10.26887
10.788104
2.322942
2.304889
4.541997
2.041839
5.058088
6.3721037
3.5612838
4.827848
1.2966486
2.609553
4.56055
4.0987115
2.4581966
5.004696
6.16625
2.141031
5.103897
3.5255036
6.421804
4.695771
5.040856
2.340318
3.8132071
2.5434954
5.7406464
5.142601
4.3923454
1.3162308
4.4991813
2.758684
4.2139955
5.9974957
8.590087
6.6426125
7.612989
7.486003
5.2503796
7.1962643
6.4218607
5.110408
3.105924
7.7665267
nan
7.040186
3.5570648
9.791214
5.901104
9.538622
4.4469194
3.5615919
4.1658306
6.7555227
6.4368405
4.5431576
7.337586
8.24052
7.6935883
4.915842
7.518775
3.9342885
7.6429124
2.8118305
5.5019403
7.6818795
1.4468511
3.13327
0.5729659
2.1235416
2.1900816
1.9982114
0.46397895
6.070065
1.9887583
5.2535963
6.357526
2.1050038
6.7093577
6.089517
7.465139
4.7204404
3.89508
2.8225965
2.9303808
0.8826666
3.8368993
0.7466602
6.8916874
5.5457563
0.5351068
3.417682
1.8533127
4.568146
3.8905797
3.577043
3.0697653
5.282284
0.72664523
4.86299
5.361597
6.0893426
2.219441
1.5053935
3.8125079
6.837046
1.9799676
6.2099524
4.791516
7.1611967
1.9323996
5.611
9.477684
2.419237
5.5530806
0.8992095
4.0872593
7.3529725
10.065515
6.34824
7.0297604
7.6052547
2.8460796
3.4023821
7.8447547
1.3417535
6.2293005
3.4263442
6.4419227
9.3351345
6.2637544
5.8811994
4.7133713
6.8428025
5.5841055
3.384087
3.1333704
3.8322773
4.219818
3.5500891
4.24643
7.39531
4.3539658
5.872672
0.7088283
4.7265425
3.3083587
3.6580262
11.858107
4.110606
4.326812
9.264832
9.380132
8.133444
7.7098703
6.8046517
11.56378
4.5180473
8.019512
4.5418434
3.501937
6.0076976
6.514591
5.6006203
5.890557
8.730672
4.0162797
2.1197698
1.8872527
1.9408133
4.336375
4.327699
4.6004972
0.6000882
3.8650134
6.3388667
7.1823783
7.1888127
4.841911
6.4982915
7.0094943
5.719486
6.7051225
5.468082
1.1355753
0.79431134
1.3084428
1.6304001
1.7332898
1.038185
2.6401446
4.3928905
6.9094725
5.110098
3.9646642
5.2609835
3.6731977
3.162873
2.7882
8.120033
6.3111434
10.983705
7.523242
7.792753
5.5260453
7.2630343
6.6314936
6.6512275
8.074673
4.3123283
4.5082593
5.662117
5.724267
3.4676175
7.7674017
5.4396214
5.0053625
6.1099267
6.851933
2.9825242
6.037493
7.672378
5.0408745
6.214875
4.716366
1.2083874
3.6390758
4.8018107
2.327303
4.508348
4.5370355
3.582013
4.9965973
4.9014826
3.0799935
4.4629493
7.951849
4.4737577
4.728726
5.42068
4.8166213
2.2447715
4.179646
5.7022595
5.303322
5.853858
5.1080093
6.3219724
2.4232802
3.842323
5.300317
7.986296
5.2574024
3.8092515
1.8787817
1.6794488
2.1135845
1.2987384
3.9430313
4.076029
3.7933352
2.3351774
3.7563968
3.6167548
3.9529474
8.127667
6.622642
4.067871
6.8336444
2.786634
4.7185955
5.345843
1.6616956
4.5698624
7.4967155
4.068505
1.2909298
6.0183744
8.815695
7.2139897
4.6351185
5.4678726
6.5659924
7.775607
5.242576
6.9220233
6.526141
4.9580846
3.3726032
5.4965525
4.126306
4.3150187
4.4500175
4.4905515
3.8423042
3.790682
6.892037
3.9021478
4.2338376
3.4533637
2.8188343
4.444013
2.1557071
5.3172765
5.20388
1.5834466
3.147858
5.294498
5.7600994
4.820401
5.527329
3.1615496
5.9223804
6.908861
8.751544
6.025547
5.5611243
7.0929556
6.2476497
1.4133626
5.826253
0.66697836
6.1558104
4.2383432
6.637228
8.905416
1.7037477
6.1688457
3.2297149
4.9742846
11.708204
1.3888093
2.521761
3.489007
4.261907
7.1130233
8.640261
4.5785704
5.3806233
4.466229
5.017102
6.3791075
1.5507278
1.2003511
2.9414983
6.063645
2.6528506
7.3406096
1.4531126
0.48612612
0.526248
2.3111246
3.6518507
1.708435
0.8352256
3.4380147
4.544311
1.3341074
5.977687
6.21208
7.1591735
6.2227755
2.8203063
5.050265
2.3817759
8.033453
0.61047363
2.3509398
2.6114743
3.1084392
1.6455866
4.730843
1.9075583
2.5683575
5.6488805
0.5182209
1.7797191
6.6358743
1.521114
4.9897623
6.476334
0.9656607
4.3277087
5.85217
5.589099
2.264999
4.9436193
2.323981
6.350698
3.5530133
7.4149704
1.04456
6.144216
0.4436888
3.8422382
7.242381
2.778999
7.0343986
6.162498
8.357733
0.6607199
2.1417298
5.159968
6.8572397
1.8172531
4.3830986
3.86675
4.427969
2.4756198
5.426403
0.26669878
1.4406351
2.389532
4.272875
0.5424024
0.28663456
0.6168505
1.0442702
0.58571637
4.5925813
5.0744257
3.0031183
3.240243
2.171665
2.2442322
0.23012064
3.034202
5.4294705
1.7536248
2.8414383
1.5737518
3.3210118
3.4697025
9.569433
6.922045
0.4020763
2.3432188
4.243442
0.3182984
1.8424504
3.157994
0.19904588
0.58725333
1.1170844
3.6269531
2.3473415
6.1510563
0.27679282
0.7919251
1.0458922
3.1592236
3.7187681
6.639489
7.5962553
1.8241295
2.2721946
3.4465
2.9726014
3.176209
2.1492758
3.696135
4.375667
3.408308
1.5942254
1.9535633
1.6657853
0.2052903
1.9403571
0.62174
1.3228797
2.9599981
2.4363136
5.0271406
4.7166944
5.0552917
3.2887447
3.1086817
0.31422758
1.1014386
5.508121
9.374995
6.324506
7.090474
3.0534494
0.5099693
2.0976071
5.63388
2.6576886
6.2977037
2.926605
3.9835594
4.358315
1.7506512
1.2874647
6.189708
9.433102
1.0381157
3.2901282
6.2556376
2.5781054
6.187649
2.0561166
3.5387194
3.9803329
2.9975924
1.843571
2.3918996
5.1732736
1.3548985
0.2584773
4.3942595
3.4145782
5.2795024
5.835679
5.080893
4.9822264
3.9856539
5.014541
nan
6.5845294
0.66414946
3.3927078
4.2705455
2.5026865
6.169776
1.9107778
0.96516746
4.43221
8.571963
1.2015916
2.8834624
2.2979367
0.55155957
3.143886
3.5383291
3.9264727
6.946076
5.746184
1.1725472
5.82075
3.6175723
5.018488
0.7594523
0.84654397
3.8588424
3.9668484
5.580574
6.9263835
0.87243927
1.9861987
4.6822925
4.4708967
3.042749
3.1493495
3.069213
3.7227929
1.1769266
1.613347
0.7991254
1.4952551
2.8711512
0.8971943
2.1999207
2.8649278
4.6159544
3.3442802
15.405833
1.6376024
1.0356183
2.8003383
60.211124
3.2335231
4.758051
4.0432467
6.0229764
1.26117
3.224792
4.1552143
2.7702937
2.4773304
0.5798837
2.1398997
0.96717554
1.221477
3.371425
4.173992
0.4615764
1.0646633
0.5427979
2.3427167
4.173001
1.4137449
4.3871474
2.117899
3.0623918
2.6716785
4.359779
0.74014646
4.804386
4.020812
3.1678922
2.7816525
2.8570888
5.3718324
0.29813004
2.2589216
0.30939198
1.9872478
2.3770766
2.1385627
1.1132165
2.3534362
4.755589
2.8347392
4.4872823
0.36040023
3.178058
1.7039866
3.4777672
1.8488694
3.6615953
5.2027674
5.049505
5.310292
2.4222057
3.8874626
2.9933395
3.542707
4.090277
2.9203646
0.94145405
1.935929
0.4448079
1.7741482
4.5959816
2.2179844
3.0621364
0.58096313
0.97714317
1.2127703
5.9884357
6.958361
6.669005
2.560316
4.5852656
2.4603288
3.535164
7.8858976
9.76188
1.1613337
5.3130736
2.608416
1.38203
7.2115154
0.7830785
1.5556053
0.8367475
5.8291316
3.2964458
10.278681
0.7677754
6.0777316
0.24039403
5.7215266
10.820374
6.3993382
8.920725
1.4292467
4.6124
5.846708
8.469557
5.984862
5.1633873
13.4834385
10.532555
3.4093428
5.224055
4.391394
3.8597007
1.540532
3.4490807
9.432218
7.069655
5.0113974
4.262012
0.75551605
8.686521
12.826838
4.576804
4.0046315
6.755262
14.470565
1.1735541
20.428595
3.8041792
7.7928405
2.8276258
5.3525796
10.928541
19.31667
0.30793092
7.601741
2.8947303
5.081155
4.6043663
4.0771933
11.819008
12.808057
1.7275404
4.375593
1.834296
3.7955945
4.598964
3.1239443
5.8047876
0.30053696
4.5013247
3.2682598
8.943042
5.979743
2.48909
5.428615
4.575281
2.0850701
5.4952483
8.436317
4.9531007
3.7250102
0.5455618
6.705154
6.2036014
0.56591177
0.7815089
1.124794
2.9052887
3.5061336
0.5467773
0.9711044
4.163008
5.356077
0.51423424
0.62468815
1.1067728
1.4317068
6.335974
3.0370471
0.7128003
4.013906
4.716655
3.8706784
8.072434
0.4429421
0.1543896
0.44967875
4.5931377
0.29584482
3.0501282
1.1621604
2.243074
3.7642417
8.446269
3.2162168
4.1140184
4.122393
1.7742583
0.37211248
3.5161047
5.1449466
6.975771
2.440861
0.6123362
1.9991384
2.34638
5.811215
5.186184
2.4109302
10.102216
3.484148
1.919898
2.7103665
3.3185863
1.4699414
0.5017447
2.26616
1.8938059
1.1565765
4.4220676
9.436369
17.823256
1.8835472
7.967595
7.469811
15.657756
7.1031694
2.4112232
2.2956479
5.4764524
1.1581503
12.018398
0.87398607
1.0442468
0.30778807
0.634705
0.5394175
5.812283
1.2279286
2.5521193
0.72850096
1.6541293
5.3516326
2.7542996
3.9486551
0.5970718
1.2582108
1.4440346
6.1031537
0.28592324
0.6909943
1.3439865
0.67569345
2.3543608
0.30357254
0.90449923
0.2934139
3.0878348
4.8740587
6.3267074
3.6083977
1.6921552
0.14487956
0.17960367
0.38996798
0.18732122
0.46669698
0.1530254
0.5123128
0.60493904
0.19455813
0.84450096
0.3108564
0.37469214
0.42457145
1.602523
0.7406168
0.985613
0.160024
1.4238402
2.5660226
1.3081079
1.4938157
0.4455608
0.84206694
0.10062795
10.868429
1.6506809
1.3920786
0.29580194
0.24821831
1.7747723
0.30636767
1.4579033
0.24788028
1.011453
0.16612296
1.1131641
0.21138482
0.40771496
1.1987717
0.51635873
0.9465107
0.14948417
0.25869596
0.35856482
0.8341953
1.2586164
0.10361178
0.8136927
0.44675016
0.19619296
0.40067798
0.13845874
0.24903736
0.4106822
0.67822677
0.5311865
0.96130234
21.277998
0.280608
0.30751303
0.52812785
2.4396918
2.254319
3.0855844
0.19809705
25.448952
1.5171758
2.0806832
2.1488187
0.7566923
1.6441531
1.8345678
1.0319699
0.31208646
1.693777
1.6330266
1.6017578
0.8115037
16.77957
2.6698637
1.122359
2.0165722
0.6020273
0.58546513
0.60008204
0.50755733
0.10164189
0.20663747
0.6572228
1.0733193
0.108912766
0.6963515
62.762268
4.3473344
0.8118273
19.547153
1.3214145
0.63748115
0.28771868
0.5016823
1.3047003
0.47435313
0.6462507
1.4505215
1.4219185
1.9862188
1.3375257
1.3596336
1.3360634
1.8252403
0.5720118
1.4578962
1.3274853
0.9592302
1.1197954
0.8525835
0.6042376
1.0220889
1.2245333
1.0246477
1.0590932
0.72052014
2.5705128
0.35849935
0.47478184
1.326458
1.005828
1.0251147
nan
0.5276892
nan
1.7550832
0.6276653
1.3188043
1.893275
2.9502115
1.9591715
0.9813384
2.421321
1.8929057
2.260646
2.9178777
1.5206978
1.5457207
3.8696048
6.330456
3.7267962
2.4602413
2.831513
3.1022818
2.2738686
3.4499564
3.0988255
1.8902727
3.0213487
