227.9224
21.537624
7.5296264
8.884654
6.924643
7.8101482
7.5152245
9.580169
5.488638
4.767446
3.6642342
4.059793
5.4176683
5.457473
6.2989125
5.625793
7.202066
6.326362
8.097143
8.1802635
6.010045
7.3413672
6.9607196
4.8183312
8.462861
8.409763
9.296433
12.315834
13.449026
18.19686
10.42512
14.194647
22.9501
10.709021
11.464629
25.87515
8.517118
20.413164
17.976006
11.642038
8.288499
48.200375
17.847357
9.802894
30.02984
22.404083
19.358316
44.96421
8.3343
14.157866
57.86596
32.60779
18.594574
23.643673
54.560917
12.41611
15.369672
11.60697
201.0166
34.074596
9.257193
10.769784
24.26452
60.79201
13.587217
238.59505
111.215515
105.31149
30.334467
43.345108
11.501815
11.902569
19.54527
12.938715
13.845845
12.774153
10.596551
13.911451
17.971954
10.971269
9.337599
8.59038
15.658528
17.575275
6.352559
5.980306
6.733292
12.836181
9.196507
8.226292
9.26967
25.538673
13.0627165
19.891687
12.047745
26.572565
19.042841
33.032635
7.7900176
15.493649
16.021824
31.500614
5.2247114
7.453012
16.075956
22.400131
11.501103
10.023535
9.450815
4.0593224
17.889671
13.186541
13.535091
11.594641
12.139385
16.607866
6.8602567
15.488244
18.005419
13.712799
23.216646
15.271066
18.141228
18.857433
9.317747
10.299474
10.60561
11.740318
15.324713
14.6857815
8.281296
8.532576
14.311796
18.748156
13.311008
11.703112
10.341052
9.731974
8.463454
8.633318
5.003664
5.6363935
5.369797
nan
12.529608
11.321513
4.7869234
4.8538938
10.033877
10.001194
13.017999
15.534599
13.939777
17.918837
13.997035
20.9255
8.174733
6.5986404
22.332449
12.360281
24.370804
12.249588
16.36036
14.842035
3.7448606
6.4895186
5.5643816
16.937254
9.535597
21.742796
14.25771
23.418285
14.957274
16.466978
12.327124
11.5718975
8.009292
12.068226
9.14885
8.464819
11.562382
12.254935
4.1638355
2.9533362
5.464986
28.899313
12.548742
17.792215
14.003647
11.608216
4.9151673
8.717633
17.735317
39.969616
17.612175
20.228085
17.926287
21.752558
17.85426
16.027758
14.536766
16.038895
12.650556
13.131514
7.4799194
9.689764
19.323925
5.6468935
32.712708
13.597615
27.393219
15.940834
14.563601
3.2985237
3.9738839
24.614172
8.00443
9.7652
44.578167
20.061607
35.686993
16.680056
28.62297
24.930183
16.716312
19.171867
24.600355
52.495564
35.35385
45.124565
10.121374
15.5419035
13.359028
36.85333
28.088345
31.144243
28.391499
54.142155
45.398975
49.97592
52.4925
46.972713
10.299187
13.79191
38.454113
38.585285
56.21501
17.43121
28.351046
27.58117
34.440353
11.872534
20.634165
23.451351
39.885136
38.28204
27.331064
37.789513
13.873481
18.281946
8.201081
15.217001
39.065784
4.137007
73.53751
90.23307
14.317174
27.060371
48.748413
54.626118
50.69156
78.72411
16.59178
23.10716
48.289223
31.795725
9.031682
9.702251
26.467072
12.729091
10.863112
20.780788
109.22927
36.919334
25.34695
36.661167
3.1914163
19.910702
29.220999
42.24963
33.030663
60.36773
12.168748
39.89025
19.406147
10.051032
64.035904
16.965458
9.64748
18.429882
5.6060343
4.541258
20.92635
36.70811
15.413803
112.11997
40.759785
56.313248
25.971079
30.430098
42.81248
43.422043
27.525719
45.08244
8.132519
9.301121
30.224215
47.9661
27.706833
33.74713
44.972237
4.808699
5.08983
4.7508435
29.669367
42.11078
23.868843
22.527802
50.2976
63.620598
21.727299
33.307007
4.2221665
47.92329
42.49963
21.514618
59.65477
44.16303
35.326294
46.980495
31.443851
50.075016
46.526062
17.44556
14.756423
17.303873
33.24432
25.026209
18.717876
61.39692
7.7689123
10.356629
4.7860947
58.78812
34.64476
44.97196
9.141406
9.430527
27.990236
71.96456
161.26266
106.21619
28.530016
84.35623
50.111717
51.163727
28.70409
30.544762
73.644806
70.55864
29.009768
451.47522
24.703678
20.167688
19.512026
52.927353
54.841747
19.872068
44.795902
47.82512
27.303888
26.756378
28.362097
28.565462
44.059975
52.790607
54.17331
30.150135
28.527706
26.48329
24.79155
23.181677
20.03601
48.960297
19.632168
48.30282
11.5487585
14.527813
28.782549
74.45594
6.5436563
57.745564
79.97469
35.582638
7.458582
5.348514
16.193285
21.334856
16.350046
9.306007
32.76361
21.09971
14.470783
23.2795
26.190254
30.89684
25.68413
25.9838
58.378273
59.471554
11.780212
113.76708
141.0304
24.970392
42.28742
296.9195
43.520153
32.918236
119.342995
35.482227
129.5853
107.08584
102.97699
69.3093
136.08249
83.52209
223.44305
109.17939
105.457085
62.575104
85.178
128.04433
92.79063
118.77932
74.71297
117.80409
78.886505
83.65411
54.04733
63.30956
132.23184
172.32512
73.8674
85.11961
154.55496
150.60698
66.19562
87.73194
176.48668
33.944725
141.17442
63.85575
101.832886
94.368706
163.71474
49.720425
64.47113
34.939766
71.25432
51.404064
55.446445
2.2346985
53.4928
27.766449
59.208675
nan
nan
102.88306
103.15365
273.82053
179.63785
139.98161
201.87982
111.58213
99.337234
76.02521
91.5819
304.88565
68.01223
71.063385
432.75848
173.52516
620.1281
90.99726
232.34694
536.3505
228.25255
140.08833
220.49033
286.753
168.71844
268.84003
233.6475
323.40952
110.57241
490.54965
23.411024
242.83557
209.90727
98.412575
145.3722
136.42616
18.29252
120.548164
469.98157
191.751
296.9186
548.4353
15.745171
204.4462
206.62663
823.2504
276.17224
221.38992
167.02306
177.384
106.35835
109.53519
187.59721
226.23375
65.25301
98.808716
20.126833
38.89582
246.42204
382.24792
410.6978
147.12263
253.89873
361.0415
205.03137
112.42229
56.006027
78.909424
621.6783
269.44638
24.789003
14.7583475
10.71709
665.459
160.39812
124.63557
411.22318
167.45154
174.18065
nan
nan
19.359852
33.710655
9.422771
65.41562
299.08044
553.94446
796.11176
435.45706
321.83597
233.755
1150.97
87.83382
72.26003
232.3546
275.38495
322.3874
27.323599
13.37016
182.722
124.29561
98.61103
204.66904
88.24157
260.31888
1030.7324
823.14136
110.88101
111.839836
94.11155
1106.0807
160.30688
469.66138
1496.6217
608.15
642.02966
452.48322
491.23434
177.80934
836.59686
241.75546
226.49063
103.970795
205.347
167.0433
4488.4795
2077.049
219.79817
409.88394
1435.6868
369.94006
461.292
842.54285
1162.5353
2128.9429
2204.583
402.6042
589.5894
104.07035
689.2785
657.8699
649.7347
438.38736
434.92566
286.6958
342.88052
345.09375
2589.8892
936.5743
422.71234
461.49588
937.0673
673.31854
2986.8157
1189.4291
1145.0942
556.89886
790.51733
128.82603
1676.2928
1392.2275
1217.8572
1008.3078
1044.1582
459.59265
2045.8406
537.949
124.511795
210.05568
1812.0658
392.04044
2400.2524
344.8237
3109.9556
1297.4683
1306.037
490.53522
3431.473
1829.9725
1909.9454
1203.3138
1250.0663
736.4151
2505.6685
2788.1714
929.405
3948.7158
2098.0256
754.23663
980.36255
9285.986
4776.3545
1087.7932
799.474
703.95966
1338.456
335.60193
4532.7036
1692.888
577.8513
428.8329
788.50116
12119.616
4770.4346
2789.1875
803.4352
1150.2432
905.0502
1019.61084
619.08276
1134.1594
3705.644
1624.1643
1833.6785
7271.457
964.41455
869.87
620.5258
1388.9363
987.2783
1250.4364
1273.382
1165.2225
6273.5713
nan
nan
5557.419
1872.8451
1320.3973
4729.669
1941.8419
4711.728
6129.474
11031.672
2023.2385
2004.1819
16384.549
12548.467
4107.166
3854.8325
1878.4814
nan
nan
393.68658
6486.837
1945.529
1504.3735
1694.6599
2330.9575
1895.6423
1953.2124
1904.4094
1802.3818
1693.0709
9523.166
1950.736
8962.358
2267.418
886.1598
1149.6417
15845.33
2626.5012
1052.2357
14759.339
8133.2363
2410.733
2045.5967
9129.153
2209.7957
2227.0876
19671.998
2446.9163
1961.1508
22744.63
7004.6406
28743.627
2495.4917
2770.1863
3345.089
9354.548
3236.832
7952.205
1437.1326
2820.2036
2173.9531
2175.7278
1508.6982
7482.5063
2017.2848
6094.2656
3404.6748
4920.645
1272.104
1902.4446
3231.0996
1635.9893
1882.1692
5179.95
4035.8777
1697.3837
1338.3104
1339.6841
2829.594
7021.075
7713.6587
4107.261
3736.5464
1741.4174
1837.1704
1679.088
14159.549
3225.011
9922.246
3167.5732
4556.926
2656.6729
1696.7526
1524.6582
4127.6455
2126.4404
1299.542
16674.064
2345.7415
2323.032
1508.0554
3512.3384
2785.834
2502.5312
1727.8948
2321.326
3704.1145
2863.543
2518.5996
6026.7744
1791.0713
2178.9465
2759.7268
1322.3383
3854.8057
4160.924
3201.3801
1592.369
2922.0317
10539.605
3270.078
1778.0817
4344.6562
2265.7273
1828.7997
5068.7476
10017.08
2782.8215
3904.0698
4380.63
5977.583
2994.388
2557.0579
2197.0378
2243.7605
1824.8385
1620.2722
7554.78
748.87103
1653.3557
1660.928
1346.3055
14796.178
48179.67
31052.861
1382.9764
1505.9235
1717.6155
4033.8472
1917.2081
5135.9
7510.475
9725.167
51885.625
