-50.05563000000001
-15.389013062409273
-6.031441717791411
-3.2917944785275712
-1.1965490797545355
-6.031441717791411
-41.61294619536843
-46.52010210593491
-20.467826375082915
-8.613204108681169
-14.602385685884691
-11.212276341948275
-16.63852071005907
-37.48024756386621
-26.46185146168016
-39.13830047674271
-33.65391215264431
-36.32686105588679
-15.372292711714355
-21.376365723029704
-32.48926549349656
-37.4839862280031
-10.894717557251836
-11.76598473282437
-15.959404580152675
-10.614656488549572
-41.03925185312894
-25.459351835890306
-37.33519424460438
-37.12337410071947
-31.348820143884847
-35.636956834532405
-41.32197122302168
-24.620381294963906
-38.76896402877705
-39.52969083155658
-5.0
-12.69391951006119
-22.86724952741025
-14.939473062381778
-20.87666587901703
-28.784619804635167
-38.78650541056652
-51.472953532781844
-26.765977084659283
-26.851915977084516
-44.56006365372381
-39.9255187778485
-54.75293171829784
-50.4632811662558
-13.287276235394652
-32.478834816164486
-31.81659877800389
-17.145377235063307
-9.169821194941093
-10.976013955516791
-11.32967727867423
-9.126013955516768
-8.649498473615324
-32.74343687374757
-47.998223631239924
-44.346769323671424
-58.278869766505764
-7.185720782173666
-7.5664392905865885
-7.532605729877174
-13.889472487494372
-8.063574351978136
-12.663346975898174
-14.234712052246032
-19.358529586384257
-25.697486641599067
-27.171343756184477
-25.9826241836533
-30.303839303384212
-13.2680585790618
-27.700771818721602
-22.827947072974947
-31.436607858861244
-44.382300397000435
-39.6882719453021
-44.98309991177769
-41.08548191442434
-38.400909792677446
-49.070520581113804
-1.4164456233421752
-1.4164456233421752
-15.240627546862155
-24.05073349633252
-23.655246536267313
-25.31642216788918
-28.395606694560673
-26.814382845188266
-6.273871206513694
-7.099333826794978
-12.525706113693236
-8.83087236324627
-6.802270289595909
-14.352216660707915
-10.0151948516267
-39.36283354510818
-10.153422643358791
-39.405061158262605
-37.004062656015954
-20.362138042935367
-38.17594857713429
-20.433162755865958
-36.43062905641534
-36.46174488267595
-2.2485477178423277
-25.98275731822474
-40.89511784511797
-17.527131782945744
-20.857536606373873
-15.533031869078373
-23.30379573468988
-26.001711993739004
-27.045186851888126
-29.439287810604636
-5.155542071197404
-36.715179508713184
-10.451081251312033
-26.07391349989504
-22.1929456225068
-11.033424312407984
-23.663520890195258
-24.925498635313893
-32.16707957169865
-22.029235775771575
-27.594919489172582
-33.95461549139364
-35.53026096612993
-21.947168239866546
-59.55678789561363
-38.191325109430984
-39.443487199893916
-34.96400716275368
-8.191435185185226
-4.916666666666667
-8.36638888888894
-3.1646296296296064
-5.025925925925928
-28.045558086560366
0.0
3.2783505154641817
-0.020997442455110066
-9.291048593350384
-9.291048593350384
-5.636163682864417
-11.641349971639292
-6.702028820629439
-17.269035358736737
-27.961679790026228
-38.988454254941374
-29.568635341460414
-28.885246774766205
-3.759148936170223
-2.675177304964536
-26.49668276296455
-18.585219399538065
-44.44617887885817
-16.535061935754705
-22.657012387150942
-45.61900241837978
-1.4962216624685138
-3.5323383084577116
-3.440796019900496
-15.069369369369243
-34.368948296122326
-7.619898159028359
-20.878674304418876
-15.985724128427481
-23.911561251205626
-39.71861650819906
-38.435497766432604
-42.42321314613906
-14.680834670947029
-8.11436597110746
-13.399293739967872
-18.284911717496026
-20.166035313001675
-22.230635435992458
-1.410502283105003
-2.8127853881278537
-2.1832572298325634
2.3003315964001207
-13.11944576030307
-31.393105552165935
-31.744882550335532
-33.661500915192214
-4.186495176848875
-0.691479099678414
-4.703299319727863
-25.51385144823642
-38.918805897993686
-44.78790790427852
-45.349051244863475
-43.42735678027561
-47.079822335025455
-40.881073241479335
-34.70012690355322
-42.13735194585451
-45.136602610587424
-31.193969059704983
-4.412665985699694
-22.90420326223346
0.12589397741553846
-2.7585139318885448
-19.910255084453716
-20.902361254739844
-31.38354360943507
-28.737694276833082
-27.434265564202285
-0.2978723404255319
-0.2978723404255319
-16.461474908200746
-4.23497442455245
-3.428388746803069
-1.8800958556524454
-19.543420337139796
-10.371397498640478
-7.498006214396664
-9.133428275504912
-10.713903985507246
-6.956521739130384
-4.5239356884057145
-20.689494729189487
-34.91591564055536
-44.008908776568674
-62.89525068646414
-10.838200431034576
-8.907758620689723
-6.9053879310345225
-34.81070063694279
-3.695492202728963
-42.36228169814001
0.8732333010649383
-30.034989835102863
-46.80426196526892
-21.605240443896637
-4.603853267570865
-0.6888409371145733
-38.17491228070182
-32.28680396643784
-37.038954996186185
-42.04436619718324
-14.167395864548775
-34.88337578663475
-43.35612076715627
-9.935016709988835
-12.11593018937988
-18.500872632751644
-6.622595618269518
-3.5743223171183267
-4.07205718529509
-10.398087634608206
-15.73813590790945
-9.72400668399549
-22.668502159403197
-30.105270906949432
-24.59442481350608
-29.018757361601917
-41.66818043046875
-1.9344285714285798
-21.472579195686347
-13.98140867220838
-43.04174070610242
-49.065016366612184
-13.409480639213236
-9.500676090964877
-25.384109589041042
-27.57547089041094
-35.79322298970413
-31.032040922715925
-44.48630913593126
-47.942864590121324
-10.136967418546403
-10.560150375939894
-0.324561403508697
-8.94548872180453
-6.189974937343341
-17.839489564998722
-13.57173285999548
-31.249810246679314
-43.15839658444036
-3.722303783173278
-2.4761580381471484
-21.82677669902908
-18.46697087378632
-20.60492233009701
-26.231310679611656
-19.888471202164634
-31.91344212418749
-35.56847600608491
-33.63367445719817
-31.42283225003453
-52.26619416401624
-4.590388257575762
-0.2802556818181131
-8.890005219206676
-9.093423799582464
-9.093423799582464
-16.211664926931203
-36.319857416101655
-47.88364608449524
-8.1221773770833
-48.7264283467869
-12.326318696492635
-25.222977078155314
-27.293689588511594
-21.013711681855884
-18.222424744545723
-17.329895056614195
-6.053507318420178
-17.535100800883733
-17.617232808616404
-16.68638497652581
-29.864512565589813
-15.78155205744268
-4.899796617426426
-29.130346930995074
0.7769516728624772
-2.1472118959107984
-1.464684014869897
-22.46449060336305
-30.206482943777665
-56.91323211584196
-40.64996758158627
-26.77529478889333
-14.917381518069117
-36.00332624734269
-41.845754657996764
0.0
-17.545329268292615
-44.197813688212925
-33.63064149226556
-58.159605323020976
-38.19583143767057
-41.960930391264746
-27.55654572338475
-36.83644222020006
-31.994381255686868
-14.602307185233945
-28.817919138650936
-19.506855636123888
-32.851529694061185
-40.13699010197969
-29.700734853029324
-34.46545558575311
-17.540580746674074
-5.102923686818638
1.8608027750248686
0.8499504459862003
-36.624187752657605
-41.56757812499988
-11.82225079598321
-18.08621111927502
-19.926524614254223
-17.09049718344351
-19.90241671714084
-47.30941500000005
-15.164723427331817
-15.747722342733146
-8.249633947939122
-14.146217462038996
-21.420593817787456
-27.794983731019656
-16.71165943600866
-31.306073752711658
-18.300211802512194
-27.458698510078786
-10.536154649947767
-9.79746603970743
-4.847779519331174
-17.212042842215354
-46.29958301008554
-62.18930921052653
-1.114333057166474
-7.352361226180632
-6.12913987138265
-5.321181672025714
-8.922327170417955
-0.6188504823149731
-35.34357629784999
-39.13900104876774
-57.251251966439696
-34.11011405348713
-8.417240000000037
-4.965978260869512
-13.151739130434839
-17.986793478260996
-6.330434782608678
-33.3318169209431
-38.788723994452134
-1.2508133230053462
-27.478940263246702
-6.046691176470565
-8.186274509803921
-5.197116493656243
-33.52596463022532
-3.4734848484848486
-22.83306642941884
-15.145625741399755
-13.602194543297704
-1.879034482758605
-0.2521379310344501
-4.009103448275875
-4.087655172413803
-6.186772088353348
-2.743473895582213
-12.419628514056264
-9.345381526104429
-5.993222891566218
-32.35555356823473
-30.948095152924402
-21.466347701663285
-25.572554104811246
-17.656742979788795
-44.96768825494744
-53.3259123618609
-38.420842970958624
-28.30225368390652
-30.125940891249265
-23.306026836479433
-35.28852626791015
-28.52914487150337
-13.319513304525723
-39.02505648441026
-49.71630704925448
-32.7926570266605
-31.590488358887182
-17.44174074074082
-21.589000000000137
-58.14209450830164
-29.94626436781605
-40.01263090676886
-24.881525962557546
-15.996732603320412
-4.937001992031883
-6.483349090049457
-41.88118431689576
-32.25175154944751
-29.239820803017935
0.24246624022753774
-1.4749466950958854
-3.7908315565031754
-38.22029320987659
-16.608873456789922
-29.400169753086388
-36.17391975308648
-7.479507042253528
-10.546549295774701
-6.924904942965733
-11.946197718631193
-18.820315527262686
-15.340663580246876
-43.6606689377518
-25.855977082688042
-27.454877671105567
-52.057502048340886
-47.683125472411355
-38.49080217129055
-22.661206616931658
-9.602043464158209
-0.43610702012737446
-51.083290855336976
-49.68198083392802
-64.8074217555309
-45.767485518129455
-32.23581200054174
-34.861709332249745
-1.033057851239673
-15.035392752644528
-17.49328397673177
-37.52765732416724
0.0
0.0
-40.87753725332278
-68.26703826610006
-24.67167462911746
-30.386069901936263
-30.461377151799667
-25.69340375586849
-44.994151573408836
-54.6832743094202
-46.79934736416067
-45.88720024284119
-10.362810057764142
-21.653948220064727
-33.58369547977799
-20.363536875495505
-36.21364559361041
-23.719370602032985
-37.029013464526166
-32.750420766442176
-29.688788192646193
-26.657314862765244
-14.333642739273966
-19.9171617161717
-20.331747919143993
-31.11153701615941
-22.758211198797405
-7.4986635220125475
-0.3866090146749154
-8.550209643605854
-5.871042976939141
0.0
-31.431971540050647
-14.387893045673534
-35.68259015122137
-10.698476368159241
-27.72740902701853
-2.555841584158422
-2.445148514851491
-27.282051282051395
-22.271801075268737
-25.73801458480364
-9.867013070494764
-0.8625954198473282
-4.870399579390123
-2.3245531019978656
-4.064984227129335
-3.726761303890639
-24.943869309838647
-10.408792217327441
-7.169732011747378
-60.70901114384552
-9.811991485335847
-16.61523178807956
-26.406740775780733
-42.45407298410833
-34.77494997057082
-1.2125748502994012
-1.2125748502994012
-8.639236545682165
-34.253300546448244
-7.781650273223849
-28.240491803278772
-12.97938871473355
-13.345846394984331
-13.98520309477758
-6.853442940038606
-3.7014164305949104
-3.280958721704394
-11.079855167873646
-29.69343087488798
-0.6203703703703703
-0.6203703703703703
-0.6203703703703703
-37.26006817821476
-31.798303472332343
-47.12556683050601
-32.377549250402666
-56.88730350665075
-55.114268440145324
0.0
0.0
-0.990301724137931
-0.7155172413793104
-0.7155172413793104
-0.47155172413792756
-14.924197060424554
-16.50215163934431
-12.759953822473127
-4.081990764494543
-9.55502821959979
-6.248221127531425
-12.497108712413164
-40.57264211886308
-2.0914396887159534
-14.97326818675341
-15.720369163952123
-29.032269272529938
-0.6696428571428571
-0.6696428571428571
-27.7000998336108
-4.378048780487826
-2.533993902439017
-15.33458637163688
-41.30428348909653
-43.918380062305296
-51.58092456608816
-45.63241544281268
-48.45619715175794
-43.804600578549206
-35.069442590120026
-5.163989108236874
-5.389891082368927
-44.64313499258298
-45.198607692307796
-32.81048461538462
-6.210240000000007
-0.019999999999918236
-25.649260660247737
-2.9952633814780945
-48.03326918965151
-35.197386144964554
-46.83518481317817
-53.19428455201875
-64.54282009559664
-36.06735482558709
-2.682148040638603
-30.97038012796393
-24.697958223560402
-46.799003795066476
-42.54765180265654
-47.84498932637579
-58.22622153700211
-6.954548789435102
-48.18591830221818
-32.01251514233794
-51.02936856450663
-7.275420673076969
-40.11732747056196
-46.184763858209735
-9.968453831573152
-23.48632548063911
-18.00376387760627
-24.07468183049018
-28.96663958841067
-24.288234497698458
-27.446073652856875
-27.723855943677368
-16.406024911995654
-18.3825616030328
-26.9889656106148
-36.734010152284284
-37.983798646362175
-10.39871382636656
-9.574827744602652
-7.450987597611349
-11.59657785943961
-10.39871382636656
-4.697818098300349
-0.1951219512195122
-0.1951219512195122
-20.602777777777874
-22.13306794055212
-14.950565275908422
-18.584495289367442
-22.439300134589548
-29.446096904441603
-8.679152086137186
-0.36942675159235666
-0.36942675159235666
-27.27923976608186
-52.596663226694496
-12.754657031429135
-19.292980041293855
-33.46608167010797
-33.7142709766164
-21.425096649484615
-20.182200386598016
-10.014803479381365
-2.9404966757918465
-26.96830022075078
-15.549602649006696
-15.081125827814631
-2.872289156626517
-26.17877750611237
-71.79337500000028
-76.25503000000027
-55.154100000000085
-26.194857085346214
-1.9525373134327924
-16.43508223684213
-19.607697368421107
-30.79883223684232
-29.877369155617526
-4.878731343283582
-2.653358208955192
-10.259561567164253
-0.029411764705882353
-4.570882352941196
-2.9205882352941175
-1.093235294117621
-0.2629411764705505
-5.5085294117647265
-2.9205882352941175
-12.311048218029361
-13.542557651991638
-10.595334370139943
-13.090765940902026
-5.250077760497573
-25.664128856624295
-26.89085299455535
-29.68250453720512
-17.063829401088835
-51.09304672519934
-37.18349723417361
-43.92213449646641
-60.087787102473676
-36.520941916961014
-3.1262135922330097
-18.64151760497072
-25.40474486913949
-31.586848051214538
-34.94403721682853
-61.288785046729274
-60.62738708699622
0.0
0.0
-19.219086392492425
-39.17808279831768
-64.9557370820671
-31.193515597616628
-52.81994391868243
-10.207439577039322
-3.2663141993957296
-3.2047960725075115
-5.299465899753491
-4.778348397699251
-6.352506162695163
-12.128142974527607
-5.600657354149548
-5.600657354149548
-24.372134771842884
0.0
0.0
-0.42441860465116277
-0.42441860465116277
-22.441510098637895
-24.323637858149425
-24.239695498676074
-34.1390299519289
-64.04348524080795
-28.779392164781985
5.588317663533023
-24.366853370674136
-35.23702740548124
-40.86010688462751
-25.638388770216803
-25.294247787610722
-28.3785796434733
-33.93102728285093
-48.317951833848916
-38.144343527247834
-54.100706849315195
-53.78375342465767
-43.76579178082191
-51.95412054794531
-9.478127812781251
-11.000607560756068
-19.01227768215722
-17.674526002166857
-26.95864030335876
-14.414761646803854
-2.892930660888192
-21.22667930660893
-48.08526046574253
-28.44583389419829
-24.64515129420358
-32.10944458502014
-63.26282894736876
-21.995273950656944
-3.7608092026972297
-28.419497487437432
-50.259534514678805
-80.47223733424038
-26.19819819819831
-27.97579852579865
-19.799099099099173
-45.92854427274964
-15.006066945606667
-33.836039422881655
-33.61640926640939
-21.84866896972156
-31.044056086161454
-25.81172525909368
-22.586934218467093
-31.218326292496606
-32.40816737075045
-32.57938040635697
-28.612834439750618
-28.145322872661488
-26.37235968617986
-1.8717948717948718
-48.134801886792744
-49.367622641509655
-30.813481132075513
-6.966811320754551
-30.984000000000034
-26.01
-25.635245283018865
-33.151745283018975
-38.08379323031659
-32.49953090507732
-8.245729729729769
-4.144864864864865
-4.144864864864865
-2.56924324324321
-19.672619047619047
-25.765190972222307
-20.64254712301588
-21.237500000000022
-24.772792658730232
-34.78379962851164
0.0
0.0
-27.476169004676184
-58.204777462705216
-13.970064205457575
-28.400481747862603
-57.014333667334746
-56.948003003003116
-45.94210710710708
-26.658056107249354
-6.935911122144809
-41.989610228401496
-56.094478561245886
-50.99175348174149
-33.83387981138274
-47.184592608838635
-69.41940434124206
-57.51708732963138
-52.16212014134282
-98.1437001514391
-64.4077990913682
-3.071729957805907
-3.071729957805907
-4.587552742616062
-8.26673699015478
-35.774394612408685
-31.10029373835786
-55.498087118498624
-16.41326899879379
-11.94692400482509
-11.94692400482509
-13.068033775633317
-12.17324085243265
-16.745757941294794
-28.872755795712045
-48.23761547847332
-53.1827697402826
-42.21913020742569
-37.900087153564726
-26.362335958005357
-51.8323496391342
-41.87110481586402
-41.87110481586402
-75.94422804532623
-39.80342894239845
-9.480321285140597
-12.028915662650673
-16.576238286479384
-36.19804137931033
-48.353862068965675
-43.30252413793114
-51.04269040320684
-48.20117067159581
-18.260230654761983
-11.422600446428557
-32.946698113207674
-1.131372549019609
