-24.630860000000002
-24.389139999999998
-81.6664100000001
-69.31358999999989
-22.471559999999986
-26.548440000000014
-67.35582999999991
-83.62417000000009
-29.45480000000007
-19.565199999999937
-73.89155000000002
-77.08845
-24.874310000000012
-24.145689999999988
-78.95590000000006
-72.02409999999995
-22.414489999999986
-26.605510000000017
-76.49008
-74.48992
-16.62606999999989
-32.39393000000011
-1.3951612903225807
-1.3951612903225807
-33.38264000000007
-23.077359999999928
-9.35027961362481
-9.35027961362481
-44.18
-44.18
-9.35027961362481
-9.35027961362481
-29.55314999999983
-58.80685000000016
-14.131367564819588
-4.569191662430028
-47.01973000000004
-41.34026999999996
-9.35027961362481
-9.35027961362481
-41.83854999999996
-46.52145000000004
-11.05648195221151
-7.64407727503811
-49.13000000000005
-39.22999999999995
-9.35027961362481
-9.35027961362481
-40.58987999999996
-47.77012000000004
-8.82648703609557
-9.874072191154049
-48.708700000000064
-39.65129999999994
-9.35027961362481
-9.35027961362481
-44.18
-44.18
-6.859201830198253
-11.841357397051365
-43.476870000000005
-44.883129999999994
-8.033477376715801
-10.667081850533815
-42.24790999999998
-46.112090000000016
-6.493619725470217
-12.206939501779399
-47.66868000000004
-40.69131999999996
-18.040000000000035
-13.031450858034288
-61.287770000000066
-51.83222999999993
-15.53572542901716
-15.53572542901716
-56.56
-56.56
-15.53572542901716
-15.53572542901716
-48.2212899999999
-64.89871000000011
-15.53572542901716
-15.53572542901716
-54.346119999999985
-58.77388000000003
-13.613510140405577
-17.457940717628748
-47.90999999999987
-65.21000000000014
-15.53572542901716
-15.53572542901716
-56.56
-56.56
-15.53572542901716
-15.53572542901716
-50.473179999999914
-62.64682000000009
-15.53572542901716
-15.53572542901716
-64.20868000000013
-48.911319999999876
-15.53572542901716
-15.53572542901716
-55.32450999999999
-57.795490000000015
-15.785460218408739
-15.285990639625583
-55.97237
-57.14763000000001
-15.53572542901716
-15.53572542901716
-55.113530000000004
-58.00646999999999
-12.68247734138966
-22.753941224938274
-55.53935999999994
-66.30064000000007
-18.470727848101266
-18.470727848101266
-69.1616500000001
-55.698349999999905
-22.251318565400886
-14.690137130801643
-78.79502000000022
-46.06497999999979
-17.168789556962
-19.77266613924053
-4.321875
-4.321875
-27.687699999999925
-40.532300000000085
-4.321875
-4.321875
-30.032399999999942
-38.18760000000006
-12.317955075845918
-20.987762543757345
-49.146199999999915
-68.43380000000009
-20.535803393213587
-18.565993013972037
-48.15766999999985
-81.02233000000017
-24.159303627407112
-19.525425436632293
-86.2462200000003
-52.09377999999971
-16.250111957008432
-27.434617107030977
-53.80440999999976
-84.53559000000023
-24.674686520376223
-19.010042543663186
0.0
0.0
-24.232459999999993
-25.22754000000001
0.0
0.0
-21.71916999999996
-27.740830000000038
0.0
0.0
-25.77982000000001
-23.680179999999986
0.0
0.0
-22.43333999999999
-27.026660000000003
-12.86367041198502
-12.86367041198502
-52.68197000000002
-49.73802999999997
-12.86367041198502
-12.86367041198502
-47.095589999999945
-55.32441000000006
-9.949250936329548
-15.77808988764049
-62.40112000000015
-40.01887999999986
-11.450805243445688
-14.27653558052435
-3.2358490566037736
-3.2358490566037736
-34.07547000000004
-29.784529999999965
-9.335539714867616
-9.335539714867616
-36.84374999999992
-51.45625000000008
1.1894857433809785
-19.860565173116214
-8.525790349417637
-8.525790349417637
-27.18132999999979
-57.8986700000002
-8.525790349417637
-8.525790349417637
-46.714700000000065
-38.365299999999934
-8.525790349417637
-8.525790349417637
-42.049609999999994
-43.030390000000004
-11.582435791217895
-11.582435791217895
-40.296229999999916
-57.00377000000009
-15.51091707735152
-30.18353331904874
-60.87971999999986
-81.48028000000014
-0.11607142857142858
-0.11607142857142858
-29.764160000000075
-21.495839999999927
-0.11607142857142858
-0.11607142857142858
-26.513600000000018
-24.746399999999987
-1.2942857142857143
-1.2942857142857143
-28.372640000000004
-27.64736
-8.950655840099959
-6.07995003123046
-20.038829999999713
-61.0011700000003
-12.28865962891871
-17.99732885476651
-2.8792846497764533
-2.8792846497764533
-36.97298000000008
-25.46701999999992
-7.327144686299616
-7.327144686299616
-41.09591
-39.16409
-7.910689836756173
-10.098788836229607
-41.130399999999966
-45.869600000000034
-8.955660874144286
-9.053817798841497
-56.687750000000136
-30.31224999999986
-22.863503170785048
-21.890487644872067
-59.606119999999905
-80.87388000000009
-13.162715941395023
-31.59127487426209
-13.37827424023155
-13.289598408104196
-52.055239999999955
-52.24476000000004
-20.998489666136717
-22.05215761980469
-2.965217391304348
-2.965217391304348
-29.035319999999974
-33.78468000000003
-8.394707207207206
-8.394707207207206
-42.27
-42.27
-8.394707207207206
-8.394707207207206
-56.967140000000164
-27.572859999999835
-10.878454437164903
-21.728454437165055
-44.38494999999979
-71.79505000000022
-17.132090608777673
-24.27328928739977
-21.47764750378218
-17.207677760968195
-62.26773000000003
-66.07226999999997
-10.003736003445134
-35.46138027562463
-64.7456699999999
-77.1543300000001
-17.644347545219585
-27.820768733850183
-77.90272999999998
-63.99727000000002
-19.255329457364297
-26.20978682170547
-57.746809999999826
-84.1531900000002
-27.66704349698543
-17.79807278208434
-84.18548000000018
-57.71451999999982
-17.669659776055056
-27.795456503014712
-1.3688524590163935
-1.3688524590163935
-32.25091000000007
-24.08908999999994
-8.830697862041104
-14.985356998789872
-38.80769999999992
-59.79230000000008
-16.95142828200962
-31.433093598055205
-73.60373999999995
-74.13626000000005
-16.063796596434255
-32.32072528363057
-4.792269439421332
-5.2927215189873476
-35.40278999999998
-35.73721000000001
-20.955261207854868
-5.05437198962568
-0.7478991596638656
-0.7478991596638656
-23.680589999999945
-30.099410000000056
-5.3272334293948
-7.579106628242087
0.5823333333334033
-10.125190476190546
-36.669630000000055
-33.35036999999995
-13.497566515249824
-16.346690460739794
-7.649499443826463
-9.350500556173536
-3.6571428571428424
-5.744401544401559
-17.161579999999766
-52.57842000000023
-27.425674091442062
-14.249355216881503
-16.040065758572183
-4.2793330201971935
-3.6982035928143713
-3.6982035928143713
-41.10882000000011
-24.611179999999905
-7.298025134649903
-8.443447037701981
-46.72755000000011
-35.7124499999999
-33.353836116910436
-3.991675365344259
-17.749810111559416
-23.402812722525557
-80.04000000000019
-53.2399999999998
-19.295395205316847
-21.857227628768126
-1.4924242424242424
-1.4924242424242424
-0.38125
-0.38125
-46.43236000000021
-5.787639999999794
-24.303718137771238
-22.19133136717926
-73.76442000000004
-70.19557999999996
-14.603044027806934
-31.892005477143563
-15.5364431069074
-18.375852679850983
-43.03558999999976
-75.76441000000027
-25.182860418458127
-8.729435368300258
0.0
0.0
-36.06581000000014
-13.574189999999863
-23.761532605937635
-14.67439736107581
-68.15714000000003
-59.68285999999998
-14.314171530068439
-24.121758436945008
-56.119999999999884
-71.7200000000001
-19.309857904085256
-19.12607206292819
-70.42000000000007
-57.41999999999993
-25.795026642984105
-12.64090332402934
-5.880070477682068
-5.922592012529365
-25.23824999999987
-49.32175000000014
-7.30720415537484
-13.858107497741692
-44.21864999999997
-49.08135000000002
-13.27120596205966
-7.894105691056871
-0.8993710691823229
-9.260557053009949
-4.08105147864184
-4.08105147864184
-18.411309999999776
-48.86869000000022
-4.563472070098585
-3.598630887185095
-31.64364000000003
-35.63635999999997
-9.141865509761391
-8.33101952277657
-5.062222222222207
-7.011340996168596
-21.949179999999785
-53.17082000000023
-6.036781609195402
-6.036781609195402
-19.94587999999978
-55.174120000000215
-30.874471218206335
-5.501432396251494
-9.22280159883716
-17.325890261627954
-2.7534883720930234
-2.7534883720930234
-27.387989999999963
-34.532010000000035
-12.54456384323642
-10.213126843657806
-3.4510800508259214
-3.4510800508259214
-22.286639999999867
-42.473360000000135
-3.4510800508259214
-3.4510800508259214
-27.181699999999946
-37.578300000000056
-19.854931925534913
-15.154792998054972
-10.771756055363321
-11.372707612456749
-1.0553745928338762
-1.0553745928338762
-26.276309999999974
-28.883690000000026
-1.0553745928338762
-1.0553745928338762
-30.40695000000006
-24.753049999999938
-37.45160710271991
-6.063789615643763
-17.175268817204284
-19.977629163388425
-9.320559062218196
-11.885933273219134
-3.901931330472099
-4.460729613733909
-23.575009999999903
-44.0849900000001
-17.704021244309544
-20.861987860394553
-64.68988000000003
-63.41011999999997
-20.417248356095108
-18.14876074860899
-62.068450000000034
-66.03154999999997
-19.830398082534373
-27.169601917465624
-9.440648351648194
-35.08462637362653
-16.873681910865148
-16.482566268569748
-9.561819980217606
-9.686449060336301
-30.349619999999803
-59.11038000000019
-10.611822585528234
-21.439040266424534
-6.637614678899064
-9.836009174311945
-47.79383000000004
-36.10616999999996
-27.49647239263814
-10.646165644171676
-2.0059438040345245
-10.900396253602365
-3.359013157894737
-3.2909868421052635
-0.8313725490196079
-0.8313725490196079
-25.993919999999985
-28.12608000000001
-0.8313725490196079
-0.8313725490196079
-12.836209999999797
-41.28379000000021
-10.231195546950623
-9.459027105517915
-75.18458000000021
-15.15541999999978
-14.178097773475367
-5.512124878993169
-42.37294999999997
-47.967050000000036
-16.28676938126677
-23.62518953289317
-82.3423700000002
-48.4576299999998
-28.206754423823966
-17.157941303409523
-21.285028248587636
-9.598210922787128
-5.533911159263226
-11.959046587215646
-18.119029999999686
-67.82097000000032
-18.514624505928836
-20.991304347826105
-4.205504162812052
-27.25178846746855
-18.3618058330005
-5.689332800639135
-6.028505034856701
-5.906429124709526
-48.783460000000154
-26.056539999999845
-7.215392979185957
-23.999269959614917
-46.60487999999984
-66.79512000000017
-17.484917676297005
-13.729745262503865
-81.11409000000002
-32.28590999999999
-14.098329896907105
-33.42661855670114
-9.604989893885683
-29.000871652349783
-20.717525503531277
-16.536986659691323
-10.041554332874725
-25.33451169188456
-1.1574074074074074
-1.1574074074074074
-2.4618949536560017
-6.287847579814647
-36.67639999999995
-31.763600000000046
-19.441294530858002
-19.441294530858002
-61.37201999999997
-67.36798000000003
-9.578010536878946
-29.304578524837066
-3.672289156626506
-3.672289156626506
-30.463699999999964
-35.15630000000003
-3.672289156626506
-3.672289156626506
-29.45703999999996
-36.16296000000004
-2.442168674698779
-4.902409638554232
-20.541729999999838
-45.07827000000015
-3.672289156626506
-3.672289156626506
-3.2820971867007653
-3.5746803069053725
-21.463209999999854
-43.19679000000014
-3.4051150895140663
-3.451662404092072
-40.0047100000001
-24.655289999999894
-3.428388746803069
-3.428388746803069
-22.51457999999985
-42.14542000000014
-16.93717521652227
-27.113457694870135
-14.425968085106295
-31.594031914893705
-8.824626865671508
-33.07742537313446
-15.99784033363121
-16.599121239201676
-11.750809523809552
-8.269190476190452
-53.5105700000001
-37.5094299999999
-7.081476190476146
-12.938523809523854
-31.38901999999984
-59.630980000000164
-32.150936037441625
-11.741196790728635
-7.722782874617707
-10.928593272171284
-0.7886178861788617
-0.7886178861788617
-31.66400000000007
-22.27599999999993
-22.619296268469867
-16.33186826947153
-82.77669000000013
-46.10330999999988
-26.803763686131408
-16.058918795620414
-24.68383022303145
-18.277025489303554
-17.372590032739232
-9.146144052382631
-2.205607476635514
-2.205607476635514
-0.9507042253521126
-0.9507042253521126
-28.401680000000006
-26.298319999999997
-19.143915952331156
-27.708687016516848
-12.535225539333059
-32.37651993898466
-14.235503048780469
-17.588887195121966
-40.072839999999765
-74.54716000000023
-12.47332317073166
-19.351067073170775
-0.9759450171821306
-0.9759450171821306
-0.580952380952381
-0.580952380952381
-28.994100000000046
-24.225899999999953
-7.904648390941597
-7.904648390941597
-37.751639999999945
-44.82836000000006
-11.735838692390029
-24.609820471597114
-14.369765436357369
-13.639893066574677
-30.547359999999667
-76.45264000000032
-27.65638151086601
-0.3532769920660351
-1.9186289403720547
-23.439517660463494
-12.430571258553957
-20.20614400476054
-46.14591999999985
-70.09408000000015
-15.855429931567983
-16.781285331746506
-10.228888888888884
-10.843219954648534
-4.169089517980081
-7.925784238714641
-3.761877667140835
-2.292176386913219
-1.461340206185567
-1.461340206185567
0.0
0.0
-35.40494000000006
-14.45505999999994
0.0
0.0
-24.93
-24.93
0.0
0.0
-31.755590000000048
-18.10440999999995
-8.328627591136343
-32.66160352632851
-10.964239365537106
-15.802162941600601
-37.357219999999856
-67.14278000000014
-10.610526315789434
-16.155875991348275
-65.71301000000017
-38.786989999999825
-17.679696394686935
-12.967362428842478
-52.300969999999936
-59.95903000000006
-22.450379506641465
-8.19667931688795
-67.27993000000016
-44.98006999999984
-15.323529411764707
-15.323529411764707
-53.56791999999997
-58.692080000000026
-12.877292852624889
-17.769765970904523
-48.00782999999993
-64.25217000000006
-25.351885350318557
-12.922764331210102
-3.858679421371804
-16.602356509566132
-25.779239999999863
-66.10076000000014
-2.5867076003980967
-26.566959840690515
-12.803540429419849
-8.110118775696646
-18.71073972602752
1.4307397260275225
-52.040360000000085
-33.47963999999991
-14.562575342465825
-2.717424657534175
-4.689637305699499
-2.0746113989637127
-0.1885245901639344
-0.1885245901639344
-25.838890000000003
-25.621109999999998
-4.346113989637305
-4.346113989637305
-3.708172147001916
-5.67287234042555
-5.904711751662924
-11.157372505543282
-9.341486625514396
-9.13073559670783
-12.242941585535538
-1.1729137691237101
-4.977127172918573
-4.977127172918573
-35.44
-35.44
-8.91852698993601
-1.0357273559011364
-39.22902000000004
-31.650979999999958
-25.75154519701271
-12.10166108678848
-73.30606000000014
-53.37393999999986
-24.319688385269174
-13.53351789853201
-4.1785945072697315
-13.423990306946749
-60.93972000000025
-25.220279999999764
-5.333548734517999
-12.26903607969848
-5.35927221833449
-7.964730580825761
-23.808489999999825
-53.79151000000017
-16.34136849442373
-25.719505111524228
-49.86937
-85.23063
-15.21218633828989
-26.848687267658068
-79.95524000000009
-55.144759999999906
-24.52842677467493
-21.40293114474524
-78.09217000000007
-64.74782999999995
-15.352065600996351
-31.840793024704293
-63.27999999999986
-82.08000000000011
-14.46839319078256
-32.72446543491808
-66.98000000000002
-78.37999999999997
-32.18156528959945
-15.011293336101199
-11.604248204111856
-27.791342581124706
-21.066109951287405
-21.066109951287405
-67.62
-67.62
-15.62270934817901
-26.509510554395796
-8.623459119496864
-6.301069182389928
-40.76756000000003
-40.05243999999996
-20.332436744928177
-22.55974470025076
-5.999857909693602
-24.696700347331973
-34.3763899999998
-77.98361000000021
-1.6339753710134093
-29.06258288601217
-10.589015544041468
-7.74155440414506
-0.9724137931034482
-0.9724137931034482
-24.963199999999976
-29.856800000000025
-0.9724137931034482
-0.9724137931034482
-33.43355000000009
-21.38644999999991
-0.6282361308676756
-5.425817923186378
-17.48148999999984
-45.59851000000016
-10.5239692138538
-6.694282572842188
-5.008135072908651
-7.044052187260191
-0.6515837104072398
-0.6515837104072398
-26.72
-26.72
-0.6515837104072398
-0.6515837104072398
-19.21941999999989
-34.22058000000011
-0.6515837104072398
-0.6515837104072398
-16.792259999999878
-36.64774000000012
-21.7614673913044
-14.062445652173862
-12.06405191873583
-22.40265237020322
-49.662049999999866
-70.23795000000014
-14.678047404063157
-19.788656884875895
-73.01566000000004
-46.884339999999966
-16.741610504299278
-25.30905182430867
0.0
0.0
-34.396040000000106
-15.44395999999989
-18.81766129032259
-17.40653225806451
-3.759149940968123
-3.759149940968123
-42.78245000000014
-23.177549999999865
-3.297402597402591
-4.220897284533654
-28.634419999999924
-37.325580000000066
-34.05952380952394
-13.264699792960538
-29.190939357907368
-11.880166468489776
-11.976119754832633
-8.261504007543605
-56.07908000000008
-35.36091999999991
-10.118811881188119
-10.118811881188119
0.0
0.0
-24.0968899999999
-26.7031100000001
-18.461046511627856
-25.283139534883773
-16.638286558345644
-16.234977843426883
-0.23562691131492708
-8.60840978593278
-1.4164456233421752
-1.4164456233421752
0.0
0.0
-25.48
-25.48
0.0
0.0
-21.34372999999995
-29.616270000000053
-21.110950413223247
-4.537434259954813
-46.837569999999985
-55.422430000000006
-14.708501259445708
-31.95606633081458
-26.283668022369152
-12.081863243517983
-15.77456140350874
-22.580892448512618
-13.629033391915659
-13.8493497363796
-41.310729999999886
-64.60927000000011
-24.357592267135466
-3.1207908611597928
-11.213051702395902
-19.532849936948363
-10.86263845498429
-23.37195399034374
-13.087527559055076
-17.687905511811064
-16.52791777188325
-20.19728116710879
-56.45878999999998
-67.96121000000004
-27.52070291777198
-9.204496021220065
-19.667216523426703
-15.42454948710837
-10.31011471740335
-24.4548545047567
-38.919799999999626
-81.58020000000037
-27.74729994404044
-7.017669278119605
-74.6066800000002
-45.893319999999804
-21.68803861219927
-13.076930609960774
-5.637777777777821
0.7488888888889315
0.0
0.0
-15.568519999999948
-34.01148000000005
-7.853409090909141
-0.42581168831163907
-31.203849999999917
-36.29615000000008
-37.75082209106258
-8.714186340640618
-23.406482880161192
-15.33823011077537
-0.924187725631769
-0.924187725631769
-22.852549999999958
-31.707450000000033
-11.520337656529417
-32.22384838998221
-16.16218207748983
-24.92933206560501
-9.671102257636004
-27.004594953519373
-5.557724550898048
-26.869221556886387
-7.225716204118127
-14.144024171889036
-60.31813000000022
-33.3818699999998
-20.370680393912416
-0.9990599820947457
-5.30207191780811
-22.923270547945314
-14.519895059029334
-7.374289462177487
-49.18670000000001
-45.57329999999999
-15.801858329689628
-6.092326191517192
-56.63000000000013
-38.12999999999987
-10.94709226060341
-10.94709226060341
0.0
0.0
-21.41979999999994
-28.06020000000006
-22.209159701829698
-21.0851705443867
-0.4107142857142857
-0.4107142857142857
-30.14306999999999
-22.23693000000001
-0.4107142857142857
-0.4107142857142857
-22.014409999999945
-30.365590000000054
-0.4107142857142857
-0.4107142857142857
-35.91833000000012
-16.461669999999877
-16.362908011869436
-16.362908011869436
-52.43949999999991
-63.98050000000009
-10.88501483679521
-21.840801186943658
-18.33243284964496
-13.084671194813202
-9.203492333901135
-19.174020442930214
-2.7295713035870226
-7.741119860017527
-34.69881000000002
-37.18118999999998
-35.7138419273036
-10.63062130177501
-11.220986729451901
-34.52302011986317
0.12153310104539752
-13.506898954703935
-24.323119999999808
-53.39688000000019
1.7257839721255426
-15.111149825784079
-0.6353216374268589
-6.962339181286594
-34.30755000000002
-31.812449999999984
-33.273436506254065
-12.919482722069025
-38.384278653801125
-3.1313720875497832
-83.10133000000022
-50.89866999999979
-31.394975288303293
-10.120675453047616
-75.88391000000013
-58.11608999999987
-21.409755236526273
-20.10589550482464
-27.64858812074011
-12.453164556961934
3.9381809787628885
-24.627931671283662
-14.629279999999568
-77.71072000000042
-14.036700055648268
-20.924346132442995
-14.088468070652203
-14.379602581521707
-16.7447158524427
-12.367946161515427
-1.958995037220826
-5.127853598014907
-17.129979999999843
-48.01002000000015
-3.1421836228287785
-3.944665012406953
-20.839839999999832
-44.30016000000017
-4.5477047146402105
-2.5391439205955226
-29.07055
-36.069449999999996
-3.4305210918114133
-3.6563275434243185
-37.27774000000007
-27.86225999999992
-1.556575682382111
-5.530272952853623
-19.349959999999843
-45.790040000000154
-2.317803970223314
-4.769044665012418
-46.37742000000019
-18.762579999999808
-3.543424317617866
-3.543424317617866
-41.06328000000009
-24.07671999999991
-18.693051861702184
-10.409341755319092
-6.629578515479225
-19.205557627750913
-36.55516999999982
-66.0848300000002
-3.161786646773464
-22.673349496456673
-8.446575342465758
-7.372364502680162
-43.46568000000003
-39.134319999999974
-8.203662894580113
-7.615276950565808
-41.79072
-40.809279999999994
-17.936331149493867
2.1173913043479464
-2.58957654723127
-2.58957654723127
-36.34566000000009
-24.954339999999917
-5.19710628825816
-11.79343350027829
-39.20679999999997
-45.75320000000003
-19.60091696383088
-18.68385124808965
-71.1601100000001
-56.37988999999988
-20.923777381558853
-17.360990830361676
-10.95181046043809
-10.448278945015643
0.1934435912582255
-16.146190194920365
-21.936939999999733
-60.943060000000266
-11.46441228588311
-4.488334317779027
-52.39000000000017
-30.489999999999814
-7.976373301831069
-7.976373301831069
-44.890720000000044
-37.98927999999996
-35.07994000000013
-13.940059999999873
-13.131276339554544
-2.512311860325049
-67.38385000000012
-14.856149999999872
-23.54632751354627
7.9027393136666815
-72.01724000000043
-10.222759999999582
-3.9546658639373304
-11.688922335942255
-30.344309999999904
-51.89569000000009
-19.468733850129173
-22.126755931407118
-7.553342036553505
-10.623159268929523
-23.768629999999817
-63.55137000000018
-19.117061973986228
-19.117061973986228
-64.34128
-63.09871999999999
-19.273106350420818
-18.96101759755164
-66.53431000000006
-60.90568999999994
-13.295039164490719
-31.685378590078468
-19.853392367173846
-19.258605637316048
-11.72303638218289
-16.71490989459372
-41.618599999999816
-66.22140000000019
-15.970010200612087
-12.46793607616452
-57.07000000000008
-50.76999999999992
-15.486824209452589
-12.951122067324016
-13.419572107765475
-10.847464342313762
-1.4924242424242424
-1.4924242424242424
-29.062800000000017
-27.877199999999977
-1.9359179019383987
-5.872519954389993
-29.07999999999994
-37.480000000000054
-1.4870581527935893
-6.321379703534804
-24.179999999999893
-42.380000000000116
-0.49167616875707815
-7.316761687571315
-24.928959999999883
-41.63104000000011
-2.347491448118563
-5.46094640820983
-9.35176999999964
-57.20823000000038
-3.904218928164196
-3.904218928164196
-33.28
-33.28
-3.904218928164196
-3.904218928164196
-33.28
-33.28
-3.9258836944127706
-3.8825541619156216
-38.32346000000009
-28.236539999999902
-6.895610034207569
-0.9128278221208243
-3.1315789473684212
-3.1315789473684212
-26.39992999999996
-37.06007000000004
-0.7478991596638656
-0.7478991596638656
-24.079859999999993
-29.70014
-17.013465011286634
-26.31113995485332
-47.83603999999996
-89.78396000000002
-23.105959367945854
-20.2186455981941
-13.213510436432628
-12.164857685009496
-54.33288000000005
-47.38711999999995
-24.552907216494837
-22.972041237113412
-16.253794266441854
-12.423440134907214
-63.260000000000154
-45.05999999999985
-13.343659359190553
-15.333575042158516
-10.656517857142894
-5.172053571428534
-45.86527000000001
-36.754729999999995
-29.263365812327972
-16.970059309468255
-90.65648000000012
-52.78351999999988
-16.26779284049981
-29.965632281296422
-1.32322380106566
-8.973401420959204
-18.932528142589238
-1.417378048780366
-6.638931297709951
-2.8839694656488284
-0.48704663212435234
-0.48704663212435234
-36.56035000000004
-16.319649999999964
-21.923623099054613
-25.76071722153725
-25.30093901900142
-18.98319708351736
-10.413267496779572
-35.19171318162318
-17.658738914124992
-27.594992429158587
-20.00479950135047
-27.14749636401417
-1.3629699248120253
-3.0167293233082755
-2.0618729096989905
-2.9381270903010095
-10.354664914586117
-3.8963206307489706
2.93926509186367
-21.01170603674556
-14.026835558252408
-17.953746966019438
-8.010023866348476
-3.5985680190930505
-63.71241000000036
-10.447589999999636
-12.545808383233588
-6.516067864271403
3.734472708002285
-21.629544250132653
-56.62400000000001
-30.135999999999978
-9.36677265500796
-8.528298887122403
-6.083948155533421
-2.9688933200398577
-0.18181818181818182
-0.18181818181818182
-18.180429999999898
-33.2595700000001
-3.22441471571896
-16.72780697563317
-0.5943396226415094
-0.5943396226415094
0.0
0.0
-4.462411347517741
-3.045862884160746
-2.4356775300171525
-2.4356775300171525
-44.136230000000126
-16.543769999999867
-32.46343384338443
-11.001912691269041
-21.965709196170117
-21.965709196170117
-69.54507
-69.29493000000001
-31.459340904030405
-12.472077488309829
-80.77000000000015
-58.06999999999986
-21.965709196170117
-21.965709196170117
-71.89566000000003
-66.94433999999997
-22.565074593631735
-21.366343798708503
-74.21083000000007
-64.62916999999993
-14.251113337786572
-29.68030505455366
-53.23663999999978
-85.60336000000024
-34.58981295925201
-9.34160543308823
-23.00877100840351
-4.579464285714141
-11.90802743041549
-11.90802743041549
-49.3
-49.3
-11.144755949979823
-12.671298910851158
-15.214295257181142
1.2236472945892953
-59.592350000000195
-19.367649999999788
-7.727087508350052
-6.263560454241798
-34.56720999999996
-44.39279000000004
-6.895390781563125
-7.0952571810287255
-43.57053000000005
-35.38946999999995
-3.2891115564461733
-10.701536406145676
-3.979269293924438
-7.232553366174084
-1.5758967001434516
-4.415494978479217
-35.29694000000001
-27.663059999999987
-18.939462115334887
-18.755908973364363
-0.45901639344262296
-0.45901639344262296
-18.06120999999991
-34.61879000000009
-24.38337938363446
-21.68760892667372
-11.54407259014838
-29.911501296252748
-24.982349397590436
-15.543433734939686
-35.91150178784288
-5.059177592371663
-18.54786710418375
-17.04852337981953
-19.44015849612981
-6.713914485809001
0.9355867831373248
-26.293733383972874
-0.24327956989243685
-4.398297491039463
-13.602239999999767
-46.577760000000225
-9.699960660896897
-14.7492918961448
-18.53391850888612
-3.5588426527957195
-68.89566000000013
-26.26433999999986
-15.714806820634498
-29.639823008849635
-0.47619047619047616
-0.47619047619047616
-10.509968051118257
-4.17373801916928
-3.2208904109588965
-4.578196347031971
1.0157101865137235
-13.978407460545286
-6.1858233369683235
-11.186041439476606
-1.0223277909737696
-14.844655581947846
-4.630879413724148
-9.399766822118623
-5.915625
-5.915625
-37.955110000000005
-36.66489
-5.479218749999994
-6.352031250000006
-28.20742999999988
-46.412570000000116
-4.639219629927412
-31.676146419951912
-49.40373999999987
-74.19626000000012
-12.07005766062587
-35.514785831960616
-56.91999999999979
-89.22000000000021
-22.95838138385505
-24.62646210873144
-3.0392741935483922
-2.2058870967741884
-4.065484311050487
-2.313778990450194
0.4625000000000146
-1.5971153846153991
-18.70641999999989
-34.47358000000011
0.15550000000001393
-3.1755000000000138
-12.758929999999815
-44.261070000000196
-1.9093750000000056
-1.1106249999999944
-46.6645700000002
-10.355429999999798
-14.171714106320534
-32.63155085809972
-4.750960049550804
-26.565236915453845
-1.248443579766511
-5.506420233463061
-21.08465631929062
-0.49583148558742884
-1.2304477611940299
-1.2053731343283582
-30.789150000000074
-24.930849999999925
-8.330663797009397
-34.83200045310388
-17.99025974025974
-17.99025974025974
-64.30152000000004
-58.63847999999996
-21.307075216450247
-14.673444264069234
-79.26322000000016
-43.67677999999986
-12.88107413419906
-23.099445346320422
-62.64707000000002
-60.292929999999984
-14.09032738095232
-21.890192099567155
-85.59696000000017
-37.343039999999824
-24.945708154506512
-11.3595493562231
-5.113208735825202
-17.72257454850911
-11.646461038961085
-2.7886038961038477
-56.949350000000166
-22.87064999999984
-28.85996159385515
-11.82510801728263
-8.955403695266911
-29.580663123260045
-20.446142823023646
-20.446142823023646
-66.38
-66.38
-9.432182947217436
-31.460102698829854
-49.82667999999978
-82.93332000000022
-4.552089801767175
-36.34019584428012
-4.911786542923366
-15.66918793503487
-3.325339673913046
-3.084986413043476
-0.07476635514018691
-0.07476635514018691
-7.065574324324311
-6.764155405405418
-17.85718802698153
-4.890704047217459
-47.55853000000001
-48.90146999999998
-27.890127910790586
-1.6277468022300756
-81.81260000000027
-28.18739999999972
-12.502312233519131
-17.015562479501533
-7.911144744083643
-9.286433681893243
-51.559440000000116
-33.800559999999884
-6.080239999999848
-30.44616000000015
-32.03403999999961
-91.9859600000004
-13.765973333333234
-22.760426666666767
-14.54167865707426
-26.183021582733886
-4.507870370370408
1.1189814814815178
-1.0190769230769063
-4.53784615384617
-3.5320696084523946
-11.582908638906213
0.6411868390130961
-25.200528789659394
-30.04586599241482
-8.530113780025129
-77.92210000000021
-50.1978999999998
-14.576776232616902
-23.99920353982305
-11.07425622343661
-4.43029751062532
0.05010881392823026
-8.27644178454847
-29.773839999999968
-37.626160000000034
0.13868501529056018
-5.735015290519918
1.8954406364750223
-17.268757649938912
-32.78355999999994
-48.916440000000065
-11.648011015911916
-3.7253059975519776
-48.197630000000125
-33.502369999999885
-15.271952558752394
-29.283285745662276
-5.921497797356702
-27.149867841409822
-43.31739391033345
2.5827978901943967
-3.764867064568577
-13.69796527400983
-30.817749999999847
-55.06225000000014
-11.462556165751403
-7.588866699950046
-61.95017000000028
-27.129829999999735
-17.527433849226263
-1.5239890164751837
-66.2900000000003
-22.789999999999708
-9.436145781328007
-9.615277084373442
-6.45549546406128
-21.231873691556302
-24.465029673590596
-8.260786350148274
-29.019612956354777
-6.436878945923572
-17.070039394567623
-30.183537217499563
-56.40995999999981
-89.0700400000002
-25.585195936139357
-21.668380675927818
-88.4115400000002
-57.0684599999998
-1.5097067745196788
-7.40839231547021
-10.76822660098527
-4.5027093596058645
-4.204120719674942
-12.055890887986113
-1.4924242424242424
-1.4924242424242424
-28.47
-28.47
-1.4924242424242424
-1.4924242424242424
-25.745899999999907
-31.194100000000095
-0.32653061224489793
-0.32653061224489793
-24.522479999999977
-27.437520000000017
-0.32653061224489793
-0.32653061224489793
-20.097969999999965
-31.86203000000004
-11.460662525879831
-26.204968944099466
-7.820776699029161
-1.5190291262135565
-7.326357827476061
-4.232747603833844
-5.346055825242742
-1.935497572815511
-43.47810000000014
-22.02189999999986
-3.6407766990291264
-3.6407766990291264
-32.75
-32.75
-3.6407766990291264
-3.6407766990291264
-32.75
-32.75
-3.6407766990291264
-3.6407766990291264
-32.75
-32.75
-3.6407766990291264
-3.6407766990291264
-0.5
-0.5
-32.01384000000007
-20.966159999999928
-11.35437125748503
-12.71748502994012
-52.688370000000056
-46.431629999999956
-12.035928143712574
-12.035928143712574
-0.03147590361442073
-5.661295180722929
-32.06578999999996
-30.23421000000004
-27.075221953188088
-21.509523809523774
-67.9142
-80.2258
-11.571257062146746
-37.01348870056512
-53.2016499999998
-94.93835000000021
-23.84855730427761
-24.736188458434253
-11.017655032192431
-17.52046763808883
-1.949915397631095
-8.901184433164168
-25.248729999999885
-47.41127000000012
-1.025549915397574
-9.825549915397687
-2.1184292379470695
-9.769595645412183
-1.028846153846153
-1.14423076923077
-20.85225999999989
-34.40774000000011
-16.34450825556358
-10.539195979899452
-7.93010089686098
-8.93649103139014
-32.410099999999886
-52.28990000000011
-18.086675639300136
-18.086675639300136
-2.3725834797891037
-2.3725834797891037
-36.80888000000009
-23.59111999999992
-25.71776487663293
-7.759158200290146
-21.782596121129743
-6.635233072473529
-90.4173300000002
-17.38266999999981
-14.208914596801634
-14.208914596801634
-53.9
-53.9
-12.488329363729136
-15.929499829874128
-7.032999128160445
-3.4778988666085175
-14.97903000697848
1.6140614096302572
-4.287513116474292
-4.287513116474292
-35.36324000000001
-32.71675999999998
-6.22605105105105
-6.129804804804806
-42.47745999999995
-33.182540000000046
-23.862012320328542
-23.862012320328542
-73.21
-73.21
-21.596581108829497
-26.127443531827584
-27.03952966201852
-14.295379342944845
-16.069538834951455
-15.911043689320389
-59.33403000000002
-55.605969999999985
-9.465124393203798
-22.515458131068044
-17.30619258251112
-11.11163661109215
-68.8591600000002
-38.940839999999795
-12.040549730801855
-22.27512043071699
-54.408239999999935
-65.19176000000007
-7.777628716461037
-32.61782692772557
-33.58324587706166
-5.457233883058283
-10.143234190782337
-26.202424973204806
-9.929145532578978
-14.729457666796753
-64.51574000000006
-35.764259999999936
-20.980700325732933
-27.161400651465765
-22.62236967957917
-18.220767575322792
-22.18443852855762
-18.160672797676646
-12.525722637219843
-17.28915232218256
-52.98078
-57.61922
-18.601497192763503
-28.510168434185967
-61.29374999999986
-83.90625000000014
-41.259295071740695
-5.852370555208771
-94.72035000000024
-50.479649999999765
-23.555832813474733
-23.555832813474733
-72.6
-72.6
-13.072197962154155
-34.03946766479531
-43.10350999999965
-102.09649000000034
-21.50537533790807
-25.606290289041397
-18.56051401869163
-12.562227414330177
-5.255448997384481
-5.255448997384481
0.0
0.0
-31.50139000000005
-18.25860999999995
-12.439078539030682
-28.472833611840645
-2.6663904712583233
-15.674365613671766
-0.44876174210070496
-10.2976088812981
-6.7297972972972975
-7.099932432432432
-41.156760000000034
-37.46323999999997
-6.914864864864865
-6.914864864864865
-38.411120000000004
-40.20887999999999
-6.914864864864865
-6.914864864864865
-25.40983999999987
-53.21016000000012
-29.57793355325178
-11.88766493873691
2.0365548387099204
-39.81100645161315
-22.186691489361717
-23.833308510638282
-31.242356334590777
-12.849057022409443
0.0
0.0
-29.93702000000006
-20.782979999999938
0.0
0.0
-39.00492000000022
-11.715079999999784
-7.234517386091001
-25.152173261391017
-9.570371835443085
-2.1068433544303318
-0.04604409857324006
-6.7088197146563315
-0.45604395604395603
-0.45604395604395603
-22.327640000000002
-30.332359999999998
-8.094855144855206
-0.9361138861138247
0.65670157068069
-9.251465968586448
-2.3332082551594766
-2.0570356472795477
-38.2189200000001
-21.461079999999907
-0.6676359039190523
-6.270417193426081
-39.933140000000044
-24.906859999999952
-25.00963184931509
-20.734374999999975
-11.30087831363776
-19.035755349728582
-3.145486935866982
-4.32244655581948
-42.307370000000105
-23.552629999999894
-15.066306333739302
-16.79727466504267
-65.60427000000008
-49.095729999999925
-9.322198538367758
-22.541382460414212
-44.79999999999983
-69.90000000000016
-20.77810596833136
-11.085475030450606
-11.993711248892831
-9.616563330380862
-10.400079533404057
-7.485392364793187
-16.41066454436935
-7.743732590529178
-0.20161290322580644
-0.20161290322580644
-7.301966717095374
1.6378214826021815
-32.63979000000004
-29.60020999999996
-6.372541603630913
0.7083963691377214
-28.75822000000001
-33.48178
-4.524872355944539
-8.219110138585002
-4.996798886569227
-8.408907446068211
-46.88030000000002
-30.87969999999998
-23.947362385321203
-18.677866972476963
-0.20161290322580644
-0.20161290322580644
-14.553429999999912
-36.94657000000009
-25.371794871794883
-22.401743589743578
-13.508700273306973
-18.442711812936572
-14.193695920890034
-9.10420271940663
-29.672979999999818
-67.88702000000018
-29.813085621971126
-0.1578352180934923
-78.7277600000003
-32.192239999999686
-4.642067851373014
-25.328852988691605
-30.104429999999585
-80.81557000000042
-14.093182552504032
-15.877738287560588
-10.351697674418615
-10.17946511627906
-44.375949999999975
-47.64405000000002
-15.585307298335477
-14.68037772087067
-7.098935361216735
-5.08053231939163
-34.02499999999993
-41.295000000000066
4.330570342205463
-16.51003802281383
-17.855749999999738
-57.46425000000027
-7.678631178707234
-4.500836501901132
-55.68490000000009
-19.635099999999905
-8.530670103092712
-19.592353951890107
-4.715729349736272
-17.071616871704855
-10.760378787878768
-14.66840909090911
1.1669459253618606
-13.325361766946017
-36.88552999999999
-38.39447
-18.52089337175801
-8.265129682997035
-73.5700000000003
-30.96999999999968
-15.203494236311252
-11.582528818443791
-51.48555999999998
-53.054440000000014
-14.329849090102005
-29.751375943186943
-26.44985777088194
-11.245513317817311
-10.600639464068218
-4.853684531059672
-44.992079999999994
-36.86792000000001
-11.546292682926843
-7.985414634146326
-65.38694
-24.633059999999997
-26.56214521452154
-17.913102310230933
-8.229922945205443
-14.159631849315106
-40.8740899999999
-54.86591000000009
-11.194777397260275
-11.194777397260275
-53.068320000000085
-42.6716799999999
-0.9913043478260869
-1.0153846153846156
-19.39205999999986
-35.60794000000014
-5.067352851478974
-26.747224763647584
-8.851872037914672
-11.272298578199072
-4.3698309492847995
-2.3661898569570727
-28.738599999999952
-35.66140000000004
-3.239271781534444
-3.496749024707428
-2.020214843749979
-7.257128906250021
-2.1738709677419505
0.02548387096775722
-9.271000704721663
-3.9495771670189974
-5.400603864734246
-14.32886473429957
-17.132424355622017
-8.663615988046269
-2.0125641025640797
-6.775128205128228
-30.61843999999995
-37.901560000000046
-40.716839378238575
1.1609548482607754
-1.0498729351969234
-5.85228716645492
-16.072999999999755
-48.687000000000246
-16.29473035439138
-15.182619414483813
-19.08914002205074
-16.216262403528095
-17.77797286512371
-18.838148443735022
-16.529176104190245
-17.816803510758792
-26.19783970976266
-3.1491259894457837
-0.6310679611650375
-1.5048543689320497
-21.91667999999989
-33.28332000000011
-2.3050161812297905
0.16909385113270342
-38.689200000000135
-16.510799999999865
-7.0566047471620506
-1.6740454076367117
-6.893981042654058
-2.698436018957316
-0.5416109873792913
-11.966184112843425
-12.019796255506659
-5.167428414096868
-46.47000000000006
-38.86999999999994
-9.828854625550687
-7.358370044052838
-3.4815543831167557
-20.187276785714413
-1.7685714285713934
-7.066122448979626
0.08148395721929046
-6.613569518716616
-28.439999999999955
-35.54000000000005
-3.266042780748663
-3.266042780748663
-5.216590649943006
-2.591847206385386
-22.53825999999985
-44.02174000000015
-31.480207664311777
-14.253896381931003
-8.923382045929019
-9.263465553235907
-51.507950000000115
-35.83204999999988
-12.27618946474088
-10.293903993203045
-66.9078900000002
-29.1921099999998
-20.486475138121577
-23.787558011049693
-11.420164851339349
-21.570120694730715
-2.2399103139013516
-1.2937219730941638
-29.90071000000002
-28.03928999999998
-15.685203420575245
-21.930759264058082
-8.18914167528429
-19.841192692175202
-1.5650700934579456
-1.7807242990654186
-24.921899999999933
-32.65810000000007
-11.230265180630267
-13.81047271329748
-67.20246000000016
-33.85753999999985
-33.5481856990396
-12.32417289220907
-11.408562635771144
-15.23951846488056
-1.4174386920980928
-1.3291553133514982
-33.95091000000007
-22.40908999999993
-16.36843491346873
-22.523965387509445
-14.631275720164634
-11.125551814440678
-62.26214000000007
-40.217859999999924
-38.60886744773738
-3.9466115322764077
-16.898343797358663
-28.314905823771454
-23.60546013842614
-14.424788515765089
-15.380942051440984
-15.914998450573272
-17.351266213712208
-14.055775169857899
-4.277602523659306
-4.277602523659306
-0.32584223500405063
-10.875472473295044
-10.73156915793031
-17.866334122421396
-17.599608252807514
-19.71561765474015
-10.684744744744792
-4.99813813813809
-1.4410423452768621
-3.738110749185679
-2.128388746803079
-0.8179028132992234
-1.9163179916317992
-1.9163179916317992
-25.96070999999995
-32.61929000000005
-18.24365696887691
-10.344299729363955
-1.4936758893280555
-2.5972332015810355
-0.208
-0.208
-34.38967000000012
-17.130329999999876
-18.27269692923904
-10.70794392523359
-58.47000000000005
-50.46999999999995
-35.240720961282015
6.26008010680939
0.0
0.0
1.2908421052632
-5.097157894736884
0.8570452604612195
-11.603415883860023
-0.9226130653266396
-0.08241206030150157
-34.385640000000116
-18.614359999999877
-24.768650435828185
-7.52711151187245
9.162390213300174
-40.06515056461762
-4.45128301886791
-7.83249056603775
-5.249163679808857
-2.167801672640367
-22.240199999999824
-43.51980000000017
-11.463800067317354
-17.27265230562105
-18.52696532784075
-9.62682801235836
-5.76560077519374
-13.904941860465174
-44.147319999999986
-46.15268000000001
-20.94273947528977
-27.250061012812736
-17.39830120481923
-23.12748192771089
-26.850221565731243
-12.795273264401692
-21.010720782173706
-21.989279217826294
-13.806082725060875
-5.77542579075421
-45.86922000000002
-44.250779999999985
-11.755871084065669
-31.639215686274643
1.0697368421054143
-19.08973684210541
0.0
0.0
-28.19853000000004
-21.08146999999996
0.0
0.0
-24.099499999999995
-25.1805
-13.226846729580181
-16.529092092417866
-46.137669999999865
-64.34233000000015
-16.817393426618978
-12.93854539537907
-58.89352000000005
-51.58647999999994
-5.141604295476606
-24.61433452652144
-7.8171989528795685
-10.307408376963362
-2.748447204968944
-2.748447204968944
-33.42800000000001
-28.471999999999987
-15.525230358874794
-24.739076139670306
-18.116296527995022
-12.874006881451333
-13.698230088495665
-1.1500632111250686
-40.956870000000016
-39.70312999999998
-19.095425188374563
-26.37970936490854
-12.745267054468446
-24.098202009518857
-3.8939844760671543
-18.32248814144039
-36.14999999999981
-59.250000000000185
-6.53436826218191
-15.682104355325635
0.6594815825375736
-7.038744884038255
-6.239331698344544
-9.10340282035564
-29.600289999999838
-52.03971000000017
-13.474708767627307
-1.86802575107288
-58.431100000000185
-23.20889999999982
-17.820269662921334
-25.705123595505636
-29.47560268891992
-12.687123319425003
1.3993561504577068
-29.93747882073897
-1.983075557809137
-36.48294878296165
-34.649859622256436
-3.553815722307113
-3.803738317757009
-3.803738317757009
-15.407939999999787
-50.73206000000022
-20.174843078956144
-9.121489924017098
-69.07336000000018
-40.486639999999824
-12.326047658175668
-35.37814297452769
-22.530068226120882
-17.530847953216348
-22.376852574103157
-2.2916341653664243
-62.40393000000029
-37.896069999999725
-11.911772056985656
-27.118470382404492
-3.6961032863849574
-5.9940375586854655
-46.760830000000134
-23.559169999999874
-19.732983144770216
-22.60181251443089
-19.56675925925931
-11.86040123456785
-9.553295454545395
-20.27137987012993
-6.495039682539688
-5.143055555555549
-40.376539999999956
-33.84346000000004
-15.344652596632589
-25.848612757884837
-0.6835000000000023
-0.33649999999999763
-25.264570000000006
-27.755429999999993
-19.431635234590583
-23.07388454461825
-18.086978155339803
-22.136808252427183
-12.75284174424292
-27.090372366487113
-50.090419999999924
-80.56958000000007
-14.45780028072977
-34.4341187086426
-10.110554016620517
-6.962022160664799
1.7928336079078444
-12.962520593080827
-4.315016872890883
-3.60399325084365
-9.554356534802215
-9.436129193790675
0.49596969696981424
-16.030515151515267
-31.88513999999988
-50.134860000000124
-14.132870771899352
-19.483781439722502
-0.45
-0.45
-30.13149000000005
-22.488509999999945
-8.032284710017503
-19.44609841827775
-7.5460732984293575
-1.048691099476401
-33.845729999999996
-34.27427000000001
-28.769789286621055
-9.64605229753736
-16.446005606166928
3.14257182901206
-41.821160000000056
-35.738839999999946
-6.651716888577435
-6.651716888577435
-38.78
-38.78
-17.109180098108073
3.8057463209532028
-65.60640000000028
-11.953599999999728
-27.00206071572179
-21.761509851226347
-5.069741282339604
-20.62804649418833
-13.628380503144612
-17.196147798742178
-1.944989339019191
-1.8076759061833676
-39.84748000000015
-18.55251999999986
-12.121880021424657
-24.24394750937341
-29.410693114455153
-13.471659826721314
-22.690369127516796
-21.03401565995524
-13.532739517705739
-31.51787964371072
-17.135446584938748
-10.442837127845841
-0.6059669522642768
-14.767350061199615
-8.524459845087604
-15.035262943334736
-13.874492263056165
-5.835372340425459
-30.278739999999882
-60.101260000000124
-9.754400386847195
-9.95546421663443
-7.9233727810651455
0.42514792899413906
-6.791365824308034
-8.862063778580053
-10.567880941803628
-10.972767658818315
-59.961940000000176
-34.07805999999981
-10.210643647334845
-18.64353000335238
-1.551271753681368
-4.970816599732286
-30.925069999999973
-33.03493000000003
-12.320092460881924
-14.823577524893325
-57.839860000000066
-47.420139999999925
-10.518172119487845
-16.625497866287404
-35.218097876269795
-7.12677746999059
-16.806984126984066
-26.315011337868544
-20.96143089872394
-14.891949497692025
-14.729101389299437
-18.12457877623411
-4.043046357615894
-4.043046357615894
-32.281959999999984
-34.85804000000002
-2.109051724137888
-7.373706896551767
-37.435360000000045
-32.46463999999995
-18.625875617422498
-24.939458913336374
-5.295238095238086
-6.545511319281819
-34.529309999999974
-40.11069000000003
-0.7940810987572674
-13.52900588620022
-29.211329999999858
-50.38867000000015
-7.7223064516127815
-22.29769354838722
-4.411683006535846
-19.09812091503278
0.514485294117692
-6.355661764705927
-1.3342352941176485
-1.9787058823529398
-26.197019999999984
-31.322980000000015
-16.314328358208954
-16.212835820895524
-58.41
-57.61
-4.620402985074461
-27.906761194030018
-38.094599999999694
-77.92540000000031
-14.246835820895496
-18.280328358208983
-1.4122340425531914
-1.4122340425531914
-9.378571428571503
2.302795031055972
-13.528102836879512
-2.4151595744680057
-7.913202545068971
-0.5618769883350577
-1.2113237639553252
-4.1092503987241
-24.850849999999923
-36.70915000000008
-18.81203703703703
-16.933061002178654
-21.608179916318115
-1.3148326359831448
0.07388337468987335
-7.160732009925605
-25.729169999999908
-39.4108300000001
-3.3945409429280375
-3.6923076923076947
1.6110928512737288
-12.812407559572826
-9.287070707070708
-9.54020202020202
-6.918384539147698
-2.1995540138750975
-18.30541401273899
0.43917197452242857
-60.700000000000266
-25.999999999999726
-8.933121019108281
-8.933121019108281
-63.56955000000027
-23.13044999999974
-18.181634819533055
0.3153927813164898
-59.7456800000002
-26.954319999999786
-17.290749208582533
-10.167569468870862
-5.439331619537304
-1.380719794344444
-36.53828000000006
-28.041719999999945
-19.67747202902939
-12.41445418808582
-7.855342136854742
-7.837334933973589
-25.60891999999981
-56.73108000000019
-16.2685015631978
-27.5349821348817
-11.041124661246567
-17.506978319783247
-50.22999999999993
-57.83000000000007
-9.018445121951144
-19.529657859078664
-44.57799999999986
-63.48200000000014
-14.01704521105624
-31.677405185344014
-13.841383156720644
-3.1112102621304394
-45.39200000000004
-39.48799999999996
-29.561715805808127
-14.57040567501652
-77.23152000000002
-62.008479999999984
-16.44276213699837
-27.689359343826286
-14.406225680933915
-5.185214007782037
-62.832260000000254
-27.307739999999747
-9.29287451361867
-10.298565175097282
-52.9128000000001
-37.22719999999991
-2.9137888850050944
-24.724099965047337
-6.0713091922006
-0.14874651810580733
0.7619256017505838
-4.403063457330453
-28.41735999999998
-29.74264000000002
-15.665427894580985
-17.12936037903465
-17.07700291923455
-12.777035355173496
0.0
0.0
-5.489269999999757
-43.63073000000024
0.0
0.0
0.5871121718377403
-3.8329355608592204
-19.935149999999865
-37.46485000000013
-10.18871021220152
-18.995639920424473
-6.100227790432802
-6.100227790432802
-35.334380000000024
-40.025619999999975
-4.613022019741815
-7.587433561123789
-0.9757613579629436
-18.075661507738502
-17.816352549889206
-8.265687361418998
-3.12927083333331
-5.51447916666669
-32.65999999999996
-35.56000000000004
-9.76453125000008
1.1207812500000782
-0.5207485760780393
-10.8055329536209
-28.799999999999883
-44.80000000000012
-7.755370219690829
-3.5709113100081127
-58.80122000000025
-14.798779999999754
-8.025836758661185
-8.025836758661185
-36.43518999999993
-46.64481000000007
3.6485613623020114
-19.700234879624382
-23.07168999999971
-60.008310000000286
-8.025836758661185
-8.025836758661185
-7.197265625
-7.197265625
-29.203479999999853
-50.536520000000145
-16.076772151898798
-6.651497890295298
-7.602694136291621
-4.05499207606971
-8.172002871500384
-4.781335247666882
-42.440000000000055
-34.43999999999994
-10.295369705671257
-2.6579684134960053
-41.56774000000002
-35.312259999999974
-5.645688524590055
-23.882180327868966
-4.1588000000000305
0.13880000000003054
-34.24031000000005
-24.77968999999995
-28.54464046449316
-15.25884323358634
-7.810261923377579
-16.798807662236182
-11.515201999167013
-11.515201999167013
-3.015691868758916
-3.015691868758916
-29.659519999999983
-33.38048000000001
-6.125249643366663
0.09386590584883149
-40.79498000000012
-22.24501999999988
-18.457214934409752
-10.298923646148607
-58.66134000000004
-49.818659999999966
-22.323676044683456
-25.04082540339267
-0.4004289940826198
-32.42383136094696
-1.113669542136612
-12.98055739880566
-29.979999999999862
-49.18000000000013
7.275381552754001
-21.36960849369627
0.3080975609756801
-9.59590243902446
-24.035149999999877
-45.48485000000013
-19.666261848341268
-13.11869075829381
-19.345685100387517
-8.072419866149993
-67.7919300000001
-38.00806999999991
-25.31887989499022
-19.415313935681404
-17.489778731836235
-11.816694187582524
-35.956838939630316
-7.9549454221429095
-17.660331601088814
-21.775451620885942
-4.873949579831932
-4.873949579831932
-38.17868000000006
-32.26131999999994
-25.705937710060557
-17.949002912838836
-1.9206680584551148
-1.9206680584551148
-25.626659999999976
-32.97334000000003
-25.54841410809448
-12.887515858918967
-7.9750619469025725
-19.30139823008858
-2.2774061990211614
-9.01786296900494
-22.94322999999981
-50.596770000000184
-18.357731803080682
-13.775158562367821
-65.95044000000013
-49.28955999999987
-9.052219873150019
-23.080670492298484
-42.22794999999983
-73.01205000000016
-7.681183932346603
-24.4517064331019
-21.13172399502708
-2.0228553667632196
-11.563165537270175
2.192400774443456
-1.2538095238095184
-2.0033333333333387
-19.85587999999988
-37.564120000000116
-1.3038095238095253
-1.953333333333332
0.0
0.0
-24.08507999999998
-26.29492000000002
-16.108439738399255
-15.024540641544686
-76.35467999999997
-36.88532000000002
-32.72462704238708
-8.529457731470373
-90.79572999999998
-42.68427000000001
-12.729883968742504
-28.524200805114944
-22.80702388434956
-8.037099308610841
-23.80510840510849
-8.891060291060203
-8.706102440976334
-15.303501400560279
-4.008094981111642
-13.554776038855978
-37.43999999999992
-48.64000000000008
-8.77231516459795
-8.79055585536967
-32.04186999999984
-54.03813000000016
-8.166477272727262
-11.978409090909102
-26.326039999999757
-64.93396000000025
-9.478456439393932
-10.666429924242431
-6.223713646532438
-6.223713646532438
-30.7571899999999
-45.08281000000011
-1.2761367580699303
-26.55864283235006
-2.4213345864661395
-7.25911654135341
-42.876630000000084
-27.42336999999991
-10.163700120918847
-30.211632406287922
-13.035129915730323
-14.473297050561811
-51.98999999999999
-53.99000000000001
-9.889905196629167
-17.61852176966297
-0.4277456647398844
-0.4277456647398844
-10.178789999999765
-42.30121000000024
-7.464078212290545
-0.5091061452513548
-53.17473000000022
-13.745269999999778
-18.95602982771921
-18.95602982771921
-63.4
-63.4
-19.28666752378505
-18.625392131653363
-25.088513350974317
-15.507108491700686
-0.5533980582524272
-0.5533980582524272
-17.17867999999988
-35.961320000000114
-2.0219123505976095
-2.0219123505976095
-15.90431999999982
-43.15568000000019
-11.262624378109448
-11.881654228855725
-5.127450980392157
-5.127450980392157
-7.80389999999963
-63.65610000000037
3.4964593596060554
-18.767395320197185
-13.361763558330086
-11.296839641045645
-9.20326569435629
-21.364267596702685
-4.279273084479326
-10.023280943025586
-20.572649999999626
-58.98735000000038
-15.491475329750942
-4.010234489496737
-1.225471698113213
0.03679245283019443
-25.87012999999999
-27.389870000000013
-4.843580980683361
-27.8327934621101
-3.421828817733939
-11.849107142857193
-13.324183514774594
1.4361586314153394
2.3244414893618566
-20.152101063829942
-24.497923942569045
-0.2983507954984747
0.3857807652534856
-18.75703205791119
-4.854817987152053
-3.5284796573875608
-4.797419106317394
-7.202580893682606
-1.2795389048991355
-1.2795389048991355
-18.944679999999888
-37.01532000000011
-7.590463805808213
-37.57208495882118
-1.8013245033112584
-1.8013245033112584
-29.98867000000002
-28.09132999999998
-23.099829999999983
-25.920170000000017
-18.46415714285716
-15.55584285714284
-16.038236363636397
-10.490490909090875
-6.17194274028622
-17.307811860940774
-35.53958999999982
-62.3804100000002
-24.198562152133697
-7.168166357451956
-6.80217870932155
-10.353916161059034
-1.1191151919866282
-3.8892320534223868
-40.86262000000014
-20.13737999999985
-4.663522537562631
-0.34482470784638414
-33.075379999999996
-27.92462
-23.469233213302267
-22.764191908493963
-16.353028503562946
-16.353028503562946
-46.59163999999986
-69.78836000000015
-22.25561163895493
-10.450445368170962
-56.86487000000002
-59.51512999999998
-13.656293787949503
-28.18677020084078
-34.75325103886589
-5.178306037643519
-13.36951887941541
-2.0848051157124843
-58.91658000000017
-22.943419999999833
-17.558205494113505
-9.492811273635336
-54.752150000000015
-50.32784999999999
-20.212954484244573
-15.940021545919715
-60.639999999999986
-62.640000000000015
-26.652747104767148
-9.50022892539714
-82.41158000000017
-40.86841999999984
-33.22886846137025
-11.485511052746633
-0.7571428571428469
-2.1969387755102145
-15.690639999999828
-41.169360000000175
-1.4770408163265305
-1.4770408163265305
-30.381330000000016
-26.478669999999983
-16.901408450704288
-11.942991281019387
-12.271745466321203
-17.63110427461144
-47.58999999999988
-63.19000000000012
-14.95142487046632
-14.95142487046632
-55.39
-55.39
-13.613633419689096
-16.289216321243543
-55.276619999999994
-55.50338000000001
-19.203835521769143
-23.231548030407776
-63.787719999999936
-72.05228000000008
-28.51182907164256
-13.923554480534358
-86.2769200000002
-49.56307999999979
0.0
0.0
-46.956890000000065
-3.7431099999999207
0.0
0.0
-33.36900000000011
-17.33099999999989
-2.1137967167305374
-25.543904994760908
-26.689999999999664
-79.59000000000034
-13.057125392944455
-14.600576318546988
-66.66495000000018
-39.61504999999983
-17.172494272623144
-16.769086483390605
-0.8833333333333351
-0.39520547945205303
-4.56266912669128
-2.6009225092250783
-10.983782009192442
-3.277544320420166
-43.59521000000006
-35.884789999999946
-25.582795914280013
-23.36813538954534
-75.84
-73.04
-17.281243741237653
-31.669687562587704
-13.029341317365226
-19.397604790419205
-43.567259999999806
-72.25274000000017
-2.4491467065866352
-29.9777994011978
-19.135564585115603
-3.2741873396063794
-60.340000000000174
-35.43999999999982
-30.213879384089214
7.804127459367233
-28.00816500711252
-6.1653769559031195
-9.561497005987945
-22.865449101796482
-10.166943605236666
-8.71825276938569
-37.03444999999992
-51.70555000000008
-24.614458413926563
-15.770938104448678
-70.67000000000007
-61.06999999999993
-20.439228723404252
-19.946167794970993
-57.68761999999988
-74.05238000000013
-32.24498307543536
-8.140413442939886
-5.328856107660398
-13.022075569358236
-3.249143206854337
-3.9577111383109016
-32.18585999999997
-33.17414000000003
-12.739508506616257
-12.739508506616257
-50.96
-50.96
-19.79291115311919
-5.686105860113323
-8.484515655577288
-10.987108610567528
-45.19138
-44.708619999999996
-15.133506522219651
-29.120307318151784
-3.2640478223739464
-19.1859948761743
-29.1654799999998
-66.6945200000002
-26.120081967213117
-21.702868852459016
-15.063664529914446
-30.759412393162478
-13.421441912588726
-12.37459843107956
-53.503080000000026
-49.05691999999998
-19.61671647366463
-6.179323870003655
-61.39808000000012
-41.16191999999988
