112.231
69.774
77.532
51.987
105.736
107.199
104.743
59.02
66.578
106.015
67.638
106.671
106.352
105.559
85.137
78.82
105.772
103.893
104.45
92.148
104.417
58.535
71.162
105.368
107.254
72.141
73.675
109.338
108.309
107.94
79.606
125.242
96.571
124.859
108.972
106.135
116.82
112.11
107.414
102.774
107.831
70.707
81.122
97.738
122.394
108.995
97.723
78.689
117.841
113.013
109.342
114.247
114.188
92.938
117.288
114.02
107.817
110.461
126.427
82.844
148.864
165.488
213.374
142.979
110.212
70.274
64.848
110.096
116.037
106.905
92.988
107.068
107.444
104.96
104.801
105.19
74.438
104.08
104.702
104.028
103.821
103.744
103.742
104.116
78.733
104.075
88.471
104.166
105.109
105.106
104.215
95.616
103.933
99.111
103.332
56.686
104.027
103.871
104.468
96.011
104.136
81.535
68.285
104.941
89.174
104.119
103.288
104.681
104.2
75.556
97.809
84.744
104.753
104.787
111.267
107.218
110.447
112.372
116.351
78.738
54.333
101.41
69.512
58.473
105.864
107.412
87.402
103.737
103.774
103.876
77.545
69.143
70.519
107.559
106.926
107.922
107.591
111.863
106.339
108.453
108.087
81.243
105.257
105.987
116.667
110.346
111.44
107.758
106.89
106.679
70.647
117.253
107.054
104.232
104.106
55.438
103.946
59.007
63.697
47.929
75.537
103.742
102.857
104.043
48.095
57.356
95.08
47.46
52.823
70.621
82.366
110.344
107.326
108.355
80.857
105.857
65.634
113.805
114.903
105.472
115.831
68.838
127.454
103.165
102.854
105.54
60.206
105.582
105.508
95.076
93.593
105.148
104.779
82.136
105.631
105.32
66.008
105.129
104.508
104.394
104.445
69.227
105.652
61.277
105.498
105.568
68.059
105.386
81.09
105.441
105.072
104.818
58.951
104.517
99.394
84.45
54.666
105.112
104.847
104.677
104.915
104.744
105.478
105.585
105.107
105.338
105.183
76.399
81.442
105.06
68.42
64.127
81.428
105.018
78.695
105.309
98.009
105.382
63.844
105.178
71.843
77.334
54.447
105.732
76.36
104.506
105.623
65.718
58.342
105.071
102.922
106.008
105.787
99.352
53.835
81.878
105.2
105.498
93.56
105.028
106.065
65.601
67.682
65.783
53.351
105.579
63.236
69.896
52.009
105.435
81.955
104.567
104.555
53.732
105.799
104.537
103.48
104.855
105.038
104.449
104.243
41.244
105.237
104.435
104.126
104.798
105.313
104.563
105.036
105.322
79.267
104.976
105.646
107.133
91.575
111.695
73.112
72.991
120.677
62.848
106.467
112.275
57.375
106.27
78.123
106.676
86.133
105.931
106.175
105.317
90.74
78.177
110.103
107.916
107.274
106.623
83.923
105.547
89.48
111.818
88.65
82.527
71.821
52.919
60.711
111.716
113.505
109.701
107.389
96.838
109.154
108.318
109.795
117.396
112.089
67.6
109.109
105.156
111.18
113.038
111.936
70.705
67.319
107.662
108.544
113.768
62.928
105.628
106.499
108.217
112.854
106.621
106.299
106.562
106.751
106.861
106.237
105.824
94.521
99.665
59.754
99.319
105.041
105.784
65.585
81.619
74.978
105.318
106.183
69.817
49.013
108.949
114.186
109.501
88.868
67.195
62.934
111.942
108.907
109.03
110.019
106.904
109.663
103.864
105.477
45.018
109.724
111.212
86.675
115.695
110.958
105.887
109.687
105.025
62.658
105.271
114.866
49.89
72.915
104.808
59.278
105.549
107.206
104.772
61.199
105.484
115.859
67.674
109.331
106.042
104.931
116.099
144.098
120.888
130.745
81.543
106.586
101.676
50.279
101.954
101.741
108.087
74.288
58.741
103.512
87.367
103.0
102.115
103.474
88.901
102.349
49.267
102.26
103.811
110.336
107.869
68.42
45.468
54.762
114.716
107.555
103.009
48.17
103.561
86.544
98.358
64.574
81.539
119.637
105.859
107.57
95.401
50.459
110.65
94.035
139.865
122.193
95.72
41.95
108.456
108.697
107.875
94.27
138.455
135.906
115.161
116.709
71.262
109.741
110.356
114.222
125.288
101.39
120.614
123.151
121.275
52.998
110.92
110.282
109.883
111.598
118.464
61.961
110.087
108.487
132.571
65.615
42.773
80.781
127.742
55.205
126.289
123.999
115.273
57.243
116.773
58.061
65.491
71.026
72.056
104.986
104.788
105.809
62.257
104.494
107.286
57.277
110.685
110.635
110.593
109.027
53.538
109.448
110.771
159.11
116.376
120.698
79.013
106.807
106.691
72.366
108.145
48.155
56.756
111.475
77.303
112.133
102.599
44.957
103.665
104.137
103.94
53.431
74.995
104.341
103.023
74.655
61.033
91.997
104.282
103.77
58.397
104.459
52.191
55.116
103.962
59.006
103.454
78.223
102.549
67.001
102.442
104.231
103.546
103.481
71.81
86.514
87.414
104.09
92.167
104.186
50.495
50.128
103.77
104.024
103.284
104.021
54.533
104.635
51.137
51.136
74.936
104.423
81.247
58.65
117.154
105.671
104.221
71.701
52.993
60.751
103.7
68.727
103.5
64.823
58.889
112.054
65.2
110.019
71.657
71.609
90.815
63.346
61.898
49.271
83.813
104.582
97.572
105.73
103.792
104.876
86.231
104.089
102.939
50.908
105.103
59.048
104.168
105.512
37.161
104.671
104.145
44.362
40.122
103.372
56.106
43.335
64.818
103.176
102.253
60.354
63.585
103.188
48.644
54.166
102.72
79.393
43.209
104.028
49.355
45.149
49.201
102.938
66.86
103.124
103.053
40.095
103.05
103.328
84.693
101.874
102.86
103.701
91.721
105.095
47.995
53.929
103.629
104.031
103.735
68.282
53.437
60.241
49.953
84.252
127.106
116.919
57.814
66.808
93.595
99.747
132.847
95.87
64.049
107.25
106.462
67.866
87.935
147.849
107.901
60.304
95.68
130.207
85.174
64.079
157.252
168.004
179.109
147.968
141.53
141.737
133.752
101.525
136.082
73.544
130.497
143.453
163.17
77.684
160.501
117.194
118.136
80.415
141.001
122.349
52.487
63.423
121.177
120.946
120.589
110.662
64.189
119.709
82.085
120.599
120.688
120.22
119.502
84.887
61.314
116.985
120.794
116.317
60.422
43.162
75.752
105.76
60.075
106.0
103.943
103.443
102.85
104.728
104.328
104.173
104.84
103.823
103.016
68.599
103.1
83.135
71.317
103.772
104.52
103.644
103.992
104.16
60.36
86.101
109.578
75.995
104.171
99.076
104.064
104.89
103.73
104.479
39.93
102.572
104.345
45.467
104.075
71.219
47.651
103.389
103.868
104.458
62.383
54.893
104.118
105.937
63.008
40.958
42.008
58.627
95.574
95.648
62.787
49.796
40.5
83.995
104.322
100.784
100.86
50.477
53.021
84.646
85.223
104.685
104.472
59.708
91.546
75.537
104.376
102.863
58.514
54.581
50.236
46.558
103.723
102.923
103.868
102.398
103.255
86.555
102.604
54.716
45.847
106.281
108.667
78.124
104.853
106.533
101.811
60.219
102.802
68.953
42.857
103.154
102.507
102.308
85.632
55.813
102.405
102.387
93.724
94.505
76.08
102.727
102.348
104.191
65.98
94.58
54.321
107.384
35.333
105.425
77.346
67.107
100.794
101.217
48.289
54.87
101.585
103.827
103.252
104.056
103.012
56.131
93.783
64.108
101.246
100.349
100.982
59.568
100.969
77.342
88.22
86.687
102.19
47.635
102.429
102.753
102.484
87.808
63.926
67.841
101.624
82.36
80.544
37.825
46.376
102.321
47.113
53.282
102.663
104.183
102.727
97.931
74.284
102.987
88.479
100.748
103.047
102.444
105.497
114.771
73.343
100.486
99.809
46.102
47.469
99.437
103.647
48.042
50.473
63.617
56.677
49.211
47.65
91.666
108.525
54.897
102.008
98.047
54.07
98.184
47.198
83.682
98.163
100.819
115.259
103.932
97.109
96.925
96.893
97.002
96.883
96.965
97.057
97.362
43.482
50.081
97.128
97.053
102.194
97.991
100.825
106.327
97.882
96.67
97.318
77.402
73.047
109.704
100.417
100.485
71.041
124.423
120.749
104.305
106.406
55.534
89.482
99.684
101.621
71.641
49.793
102.764
69.867
39.223
75.476
102.235
102.501
111.574
61.335
102.495
102.73
50.039
102.539
101.987
101.39
93.743
101.101
102.637
102.254
101.927
102.109
93.702
102.765
102.462
102.247
37.786
103.678
101.758
101.914
45.212
105.335
131.57
123.588
144.91
125.327
65.83
97.289
97.453
97.498
97.866
73.581
43.193
73.495
75.971
97.494
98.535
98.543
98.427
68.329
98.46
98.641
41.248
98.304
97.977
85.836
85.589
96.821
68.559
97.161
74.847
97.224
45.309
96.63
