121.889
113.961
113.619
112.59
113.76
108.677
95.266
111.158
118.649
125.422
128.903
130.787
118.885
117.176
110.563
108.196
108.144
95.437
109.116
109.515
112.864
114.603
114.636
120.545
117.205
108.187
128.12
144.225
134.729
153.309
146.79
143.099
110.829
142.725
105.784
131.677
139.162
139.633
139.893
127.735
141.245
139.579
172.905
104.439
130.067
110.317
110.191
76.139
96.321
110.057
56.958
109.204
108.837
102.216
83.876
108.811
48.954
108.533
105.06
104.981
102.272
82.083
99.366
106.286
108.924
79.646
109.929
74.336
92.622
95.918
97.221
109.309
92.448
99.689
57.688
102.493
110.373
109.449
108.984
109.35
101.288
85.618
82.069
109.78
96.398
91.734
81.232
96.384
58.404
86.485
68.408
62.674
73.455
77.817
68.48
101.079
86.162
50.122
109.429
96.719
57.018
59.238
109.483
67.964
108.303
92.244
66.482
109.644
108.281
110.071
83.502
98.977
109.609
66.543
56.409
109.333
97.972
61.342
108.791
82.145
65.186
77.207
90.332
72.353
110.026
77.914
68.589
75.766
108.977
63.463
61.138
71.778
68.267
75.789
109.931
100.8
56.689
66.426
70.387
95.636
71.175
85.47
82.471
61.151
59.651
109.506
88.602
108.46
85.932
102.506
70.748
68.884
85.452
63.664
62.318
68.162
89.214
110.885
90.04
63.286
56.114
56.981
91.973
47.795
77.066
110.42
89.64
109.305
109.857
109.227
54.833
108.868
108.697
68.611
52.432
58.856
64.843
68.41
109.774
83.737
82.445
73.482
68.285
105.219
54.205
72.328
78.502
57.412
60.128
57.015
69.505
112.433
87.76
55.495
93.956
87.106
63.573
110.115
57.298
46.897
110.361
67.348
64.334
61.298
58.019
57.739
108.551
110.134
63.735
69.943
109.514
105.169
109.897
109.765
108.691
100.715
73.578
100.218
63.875
58.246
112.557
74.753
64.767
98.652
53.548
45.999
52.952
59.447
58.177
110.756
82.649
130.451
82.138
119.113
63.779
84.561
117.62
106.528
107.718
108.693
108.47
62.953
51.269
108.901
84.096
79.658
71.792
116.55
73.431
78.908
117.442
113.396
104.567
64.145
78.531
116.784
117.378
76.029
59.523
116.881
107.991
108.463
74.286
92.047
116.974
70.722
66.807
77.564
112.843
76.838
61.274
67.354
81.499
61.684
57.642
108.99
81.101
85.488
63.111
54.48
66.668
108.718
51.029
50.741
58.76
48.3
108.945
56.666
55.503
108.626
109.618
87.993
61.366
99.887
67.225
62.988
95.337
63.44
56.974
58.724
58.834
66.13
109.006
47.279
61.149
108.955
108.267
80.387
60.766
50.409
50.207
108.943
109.105
74.657
108.634
55.705
57.557
73.881
69.235
54.769
89.203
108.506
64.135
68.13
61.058
111.193
111.783
58.266
78.528
95.345
62.891
55.217
80.351
111.511
112.209
111.578
111.249
111.146
110.229
87.661
59.319
112.008
67.115
111.696
111.885
68.174
102.141
94.524
112.414
78.663
62.719
114.518
113.633
119.734
95.613
110.34
119.355
90.514
122.633
115.134
135.115
124.561
63.954
66.177
109.787
110.395
107.202
115.474
128.57
115.871
134.021
112.566
109.599
109.898
109.03
108.868
55.718
65.879
56.519
72.964
115.246
77.372
86.161
75.134
109.468
68.904
76.428
109.625
94.517
43.482
66.431
64.024
58.099
58.572
53.238
55.18
52.137
57.542
43.464
53.626
44.355
50.042
39.109
77.051
101.542
55.646
108.614
63.901
63.711
88.049
74.526
56.501
45.421
57.279
67.648
53.977
108.368
108.054
109.273
109.619
110.155
72.185
59.795
110.44
65.341
109.044
109.512
110.158
57.301
60.325
74.551
95.479
59.576
59.549
55.467
53.966
60.38
64.724
55.154
77.134
87.539
57.001
84.29
53.534
49.757
39.325
62.483
49.092
54.204
65.752
74.291
59.583
110.94
85.377
97.39
120.714
60.839
47.246
52.996
60.153
107.596
110.346
61.246
71.41
81.304
38.169
75.57
64.306
61.969
109.703
114.677
113.33
116.361
73.954
62.651
82.323
57.595
51.377
123.158
112.917
84.17
69.539
63.621
39.756
47.8
104.089
109.487
70.182
96.15
110.446
49.1
96.583
52.658
44.757
44.336
39.132
111.232
78.319
60.651
67.159
42.271
43.059
107.026
75.549
65.768
44.876
77.712
104.978
106.215
106.093
43.562
47.58
50.22
40.566
106.844
107.096
40.468
46.505
53.186
74.349
115.295
64.389
56.206
122.421
72.428
84.856
52.586
59.102
111.964
115.684
114.012
111.307
62.289
89.008
115.886
74.532
75.65
154.217
174.425
103.152
93.567
137.16
60.514
68.617
82.8
65.32
89.862
91.14
76.173
59.896
121.662
113.483
74.636
52.619
60.989
106.62
71.235
108.355
64.091
64.497
115.127
67.328
111.939
117.384
59.706
59.689
76.776
87.778
68.496
61.171
65.351
91.994
115.625
112.255
111.576
113.647
74.9
79.867
69.627
67.653
78.306
65.606
50.135
112.529
110.583
79.384
58.333
45.834
56.926
104.305
113.613
72.692
78.762
60.158
61.24
56.828
42.057
57.286
59.992
106.993
66.888
74.719
87.801
82.444
115.037
110.905
66.08
59.334
48.152
82.431
49.044
113.951
106.592
54.397
78.797
55.582
46.657
55.746
69.826
72.089
123.031
124.571
115.001
64.79
99.178
79.43
110.415
109.333
91.204
61.341
50.452
68.941
93.585
108.824
105.897
72.643
93.119
115.613
82.106
79.606
109.33
91.836
40.837
76.549
67.405
69.198
109.533
51.618
61.825
42.304
47.242
48.041
73.039
75.612
89.447
81.85
50.131
52.896
56.908
59.957
84.88
108.874
102.138
53.137
50.865
48.976
109.235
47.176
84.583
68.331
135.933
65.905
90.622
96.375
150.556
121.567
90.862
118.814
98.479
86.772
110.398
114.475
116.308
92.874
85.684
77.183
70.626
92.876
52.794
65.556
65.043
55.695
80.492
52.134
36.038
45.63
79.577
67.343
57.972
54.235
82.9
83.492
64.098
79.585
112.685
43.453
45.807
51.141
47.834
66.789
76.902
56.819
76.072
60.602
86.545
55.304
68.401
90.523
64.073
72.143
55.461
89.615
91.327
90.109
83.376
119.649
83.286
120.89
119.991
72.681
73.592
77.229
71.612
78.055
82.386
69.136
76.048
117.681
77.316
48.047
119.141
84.368
60.277
74.974
47.216
59.294
95.107
91.714
94.987
64.62
72.926
101.066
88.382
76.334
68.944
57.33
78.023
79.181
104.929
64.884
63.518
58.639
100.85
90.499
61.379
58.656
43.132
58.674
89.402
92.329
81.77
76.07
77.444
84.981
113.627
111.055
70.664
80.374
50.46
85.284
74.47
47.623
53.485
53.215
74.07
68.628
45.883
59.598
110.727
68.279
45.782
48.255
102.069
79.116
86.806
109.972
37.975
53.494
62.233
58.33
82.451
108.019
72.342
89.297
106.69
92.633
61.57
73.826
57.593
77.509
110.984
114.787
87.542
49.924
44.597
63.487
58.292
76.081
68.546
72.36
109.947
50.543
46.302
65.983
44.93
109.527
108.559
99.569
77.346
81.555
73.009
79.0
70.975
109.494
91.012
86.017
79.734
110.022
84.553
130.502
123.02
94.864
70.24
95.959
72.755
109.654
126.522
55.257
87.471
83.525
111.952
47.297
47.504
74.037
109.587
51.129
110.117
104.329
109.837
109.496
56.704
101.285
66.898
53.036
109.886
91.396
83.028
65.86
78.33
55.575
71.677
109.635
85.55
89.454
71.135
75.588
110.089
60.409
84.204
61.144
91.0
72.247
39.21
61.642
87.841
73.777
99.154
73.162
67.033
72.679
87.99
110.879
110.538
65.144
70.028
61.873
109.882
59.259
75.865
98.936
110.066
67.247
53.808
65.217
62.218
110.499
107.939
110.584
63.851
94.925
75.636
77.031
70.029
111.035
84.181
101.808
77.147
110.35
51.835
49.203
48.904
107.631
89.619
69.82
104.452
44.924
48.785
73.776
104.809
75.588
75.331
74.862
58.593
48.723
48.865
61.937
66.199
51.268
65.847
63.667
101.548
80.132
89.492
75.473
64.074
112.53
78.191
81.777
126.44
80.35
81.505
117.898
107.715
65.49
89.908
105.225
106.85
117.049
106.392
106.723
115.817
84.971
57.252
115.857
118.244
101.822
116.776
115.082
49.95
115.158
83.254
115.638
108.919
95.457
50.534
49.34
89.496
127.147
82.075
118.641
71.91
119.669
46.172
60.866
75.094
91.751
117.639
116.915
83.674
71.478
95.19
117.668
64.963
88.662
83.94
86.617
60.82
82.341
116.706
122.319
